426.3396
198.2848
218.0481
215.3594
212.8161
208.9486
228.4531
219.4673
203.6353
224.5499
218.7850
235.1699
224.3021
229.0035
217.2616
221.0924
251.1855
232.5969
226.3570
215.4127
219.1626
225.2482
256.6762
222.8994
242.0743
223.7218
242.6261
253.0386
232.6069
221.7439
224.8196
232.2697
241.9262
246.5280
229.2946
243.4917
229.9766
239.7590
254.9864
243.8068
260.9377
202.0181
206.5200
209.3741
209.1177
207.5972
207.7737
211.9368
214.0867
213.1957
203.6379
213.4060
216.6815
230.7669
211.6951
209.6503
203.0204
212.1434
195.5430
214.2023
207.7937
215.6886
221.2759
239.6678
223.1772
227.5008
227.5853
206.0774
210.1082
204.5334
238.6970
227.6751
211.4887
218.5469
242.6732
216.0394
224.8662
214.9497
198.6891
220.4981
224.5633
208.3297
215.3201
250.6028
221.1664
240.4464
232.4474
224.0860
209.9025
235.6330
238.0225
191.2623
232.5239
219.8268
233.3918
239.5472
214.6794
224.2301
248.0476
218.8929
249.6540
205.5943
206.2602
214.4978
218.3477
215.2634
213.7684
235.5392
210.7623
203.6695
206.7758
213.1163
216.3917
226.8647
207.5574
213.7870
220.6195
214.9372
217.9265
217.3503
193.9815
224.2345
240.1123
217.2240
218.2577
231.6244
224.3025
241.1167
220.8534
236.5999
228.3976
233.3376
225.4434
232.6387
227.5184
228.8531
221.3842
214.6063
235.7357
218.2345
214.0991
215.7806
210.7603
228.5705
219.4621
210.5552
213.4534
234.5029
216.4623
217.1348
223.8969
211.6492
207.0493
208.3305
211.3348
207.3996
215.9874
211.5421
202.3923
217.0960
201.6074
224.5404
224.9475
218.9561
224.1469
224.3054
228.5643
215.1170
206.5274
202.0175
240.0590
232.2251
201.7860
245.4340
230.5785
227.3737
218.5296
237.2827
219.8008
222.1441
212.0203
224.8368
230.9339
202.4110
226.3210
224.9019
221.0953
227.3359
235.9444
213.0848
215.6002
236.1262
219.4772
225.7417
240.7924
218.0851
208.1153
257.7373
217.2376
211.3514
228.5855
230.3198
217.7896
227.9389
208.7387
218.5085
208.0496
225.9430
195.1806
215.6204
230.1395
237.5343
213.5688
238.3115
219.4297
218.5852
207.1061
212.2254
210.9799
223.6084
197.7917
230.6523
223.1443
248.4458
240.9351
249.6120
241.0311
245.1562
254.8727
232.3768
252.0285
249.2359
243.8036
234.3770
257.0550
252.9888
243.5664
230.6620
251.2559
244.0019
252.8327
241.6115
237.8374
237.0031
230.7750
253.5191
227.2809
222.0088
241.4515
215.5703
240.7670
234.3246
219.3210
225.5725
222.0478
234.9180
233.1407
235.7612
237.9099
216.7773
228.8593
209.2965
208.7895
236.0196
212.3161
217.0811
227.5641
210.4360
219.9907
224.4067
211.3213
235.0074
218.8826
232.2285
241.2555
230.0250
231.4849
223.5627
205.2508
232.6076
219.3707
199.4179
210.0197
241.4792
212.0906
210.9933
228.0174
216.5368
184.4795
223.1908
218.8877
205.7690
210.9706
204.1480
195.6058
198.8962
201.0653
213.7063
219.5186
212.8484
207.6855
194.4221
218.5077
202.9402
202.1484
203.7108
186.5473
191.1408
206.8855
207.2705
204.9213
202.9558
193.0828
203.5685
192.3609
215.8373
194.7372
210.6921
209.2960
200.7239
210.3722
205.7039
218.7138
201.5286
206.5201
212.0059
201.4026
205.1299
188.7057
209.5413
212.0577
228.9374
214.5404
224.3491
232.0670
206.3224
203.8850
219.4445
194.7649
186.8660
233.2075
196.9772
204.6886
202.4883
205.5187
192.8162
202.1523
190.8214
191.4085
197.5970
187.0334
201.1658
183.1512
180.7697
188.9653
209.5736
210.4500
199.8736
200.4935
191.8056
191.1770
216.9470
209.1750
216.3785
219.7683
208.6279
211.9094
219.9994
217.5821
218.1552
206.2668
224.8344
221.3210
230.3511
229.3582
230.1685
205.6558
216.2269
229.2019
228.1095
207.8091
239.5502
225.1062
233.9423
216.6791
228.1225
235.8743
215.1769
224.0215
235.5003
214.5918
213.5514
243.7122
226.8159
225.7674
212.2752
216.8571
217.8285
231.1424
210.8448
227.5445
221.8901
213.6522
227.6171
215.6964
217.1661
228.2806
219.9516
210.0457
217.1892
229.3257
208.9780
235.6875
218.7590
225.4050
218.4376
216.6224
227.7877
222.7677
218.9759
219.5765
193.2920
209.6972
205.0225
188.0872
203.2207
191.8463
220.9290
209.3971
196.3267
211.9908
183.3667
196.2080
194.4900
194.7634
209.4138
199.6998
202.2121
203.9792
192.5166
198.8997
209.6430
213.6104
201.2979
211.1399
199.6467
182.7763
198.6253
206.0439
227.5932
207.5051
209.2771
195.1709
197.6762
186.2328
212.8114
202.3159
187.2847
214.2282
206.2354
210.3743
188.9681
226.1482
228.2448
207.7834
222.3024
229.9615
216.6607
212.1547
214.9199
213.7335
214.6896
203.2193
221.3548
196.1073
219.4085
216.4481
228.2250
208.8214
216.3280
226.4152
213.9734
218.7229
221.9723
202.3765
212.0458
216.7049
203.2549
213.9742
206.2343
222.0041
221.2733
217.6931
212.4172
222.1923
216.6087
206.6853
212.5508
221.1970
204.9819
218.4943
213.9284
190.4437
220.3187
207.3583
204.0463
218.5898
202.0524
210.3382
200.6737
206.3191
214.2460
201.9696
197.7282
223.7081
201.0375
212.2327
214.1639
213.4635
207.4353
217.2420
222.4227
218.1420
200.2575
221.1813
239.6250
218.7693
208.0300
227.9221
226.9929
227.7609
224.7288
219.8805
222.6712
225.2495
237.7565
208.3094
204.7562
228.8150
221.8071
223.9454
220.9667
221.1593
217.3382
205.4011
224.0925
203.0273
209.9595
221.0299
229.9552
206.6387
235.6940
238.0525
209.4526
203.2159
219.6582
220.0213
220.0024
216.3472
225.2169
205.1803
230.7378
212.8038
240.6313
235.2272
218.5789
242.9457
219.5724
226.6888
221.6506
230.3444
228.8402
246.4027
234.5369
237.7309
224.8923
234.4728
225.4822
229.7920
231.9428
225.9031
233.6696
226.9449
221.6648
237.6834
237.0550
243.6433
241.7727
230.4788
233.7719
242.7955
233.7530
240.6397
247.1842
235.4145
226.3144
236.1309
230.0055
229.2763
251.5853
238.9731
231.8680
244.8796
225.5108
247.3217
224.0230
246.0689
256.2986
238.4742
240.5722
240.5705
233.7196
219.8478
233.0268
219.6318
240.5074
223.1697
244.5952
239.1637
233.2584
214.3824
235.0435
233.9846
233.9465
252.4410
257.4833
223.0571
228.3672
234.7727
236.7570
243.5084
253.3425
230.4769
243.4266
249.0403
228.1656
252.1178
237.8654
217.2061
229.7380
253.8283
207.7137
230.3115
243.4057
220.4028
205.3524
209.3811
208.8992
227.6859
208.9039
228.7355
216.0780
233.2100
229.1220
213.7507
218.6549
216.8038
225.3475
219.6425
205.9481
227.8715
189.9658
214.4328
204.1482
213.7393
217.6275
202.8117
206.0266
223.2646
217.8231
201.2615
211.3372
222.1825
212.5386
200.1575
208.1050
204.5800
199.8279
220.5945
213.5090
215.3562
210.4831
216.3960
219.4617
192.6068
219.1111
203.3926
205.8475
215.0535
200.8449
198.9352
206.6881
221.7794
192.7545
212.6256
218.3683
199.6337
211.5987
215.0241
216.2230
207.6241
225.7000
213.7677
221.2432
228.9711
199.4941
230.8624
212.7588
223.7349
226.5745
219.8612
241.4506
227.2859
226.9672
234.1757
206.9896
217.7776
236.9069
229.9380
229.5973
230.2071
223.0770
220.3450
224.3640
211.0575
200.3740
202.8425
212.6998
222.9730
227.8373
192.1515
223.1783
237.1940
205.0255
238.0737
200.3085
240.1912
216.4832
220.0191
214.7020
206.9559
224.8614
216.5177
243.7621
235.3116
220.5681
234.4855
228.5492
244.3846
201.9665
209.0807
244.7345
242.6641
246.5367
216.2961
221.6574
238.3164
223.0360
224.7045
244.3618
233.6729
198.8320
218.8507
216.1263
232.5664
195.1712
224.6002
218.8129
237.1743
216.0228
226.0580
213.2972
222.8719
219.9318
219.5187
198.2631
201.3371
227.6644
222.7992
224.0746
208.9520
222.3219
205.8599
210.0337
205.1131
194.2215
198.8920
222.4392
198.4346
199.9597
211.4608
222.4933
225.0594
208.4202
196.2604
189.2927
211.5606
213.3294
205.7093
197.8439
201.0030
217.2812
204.6410
236.4114
239.7883
222.4237
205.6466
211.1145
246.3629
209.5688
209.5475
247.1962
214.3600
222.1215
228.8490
212.6846
232.9752
228.0162
235.0227
202.6402
222.2882
201.0173
220.0918
214.5146
214.2970
219.7527
202.3988
198.2998
211.4767
213.6739
232.9769
208.1226
231.3903
218.6311
204.4617
243.8496
222.3376
221.4513
225.7209
208.1690
215.7886
222.3568
181.9472
200.9464
195.4609
193.5065
205.1127
201.7300
212.5895
217.3810
214.8146
199.6291
201.3034
212.7926
197.4153
212.9422
198.3928
194.0803
215.7503
195.8320
202.5688
192.8595
211.6088
206.6667
208.9843
205.4900
203.7436
194.4611
196.9347
194.2671
201.3220
209.9840
206.3009
202.9441
190.6108
189.0471
204.1260
212.7636
211.0987
208.4856
186.8239
197.5845
198.2809
203.5683
215.6679
200.9129
190.6052
218.5472
200.0266
215.9556
201.7606
221.2342
209.5327
201.9426
200.0080
202.5184
196.5555
191.4699
219.0913
209.6263
183.0503
224.6100
217.6400
205.1166
209.4732
198.4179
222.5985
213.1775
204.7691
225.1050
194.8322
221.8843
219.9145
227.2154
217.9523
197.5198
198.6347
241.8088
201.2880
211.4830
211.2318
206.7441
220.0359
229.8896
220.2532
213.7372
216.6953
224.6337
211.0715
225.6473
222.8510
229.8537
234.8795
221.0849
209.0229
222.9647
226.7082
234.5036
233.4088
213.9762
216.7947
239.8711
247.6560
242.3034
216.2647
230.2528
247.5262
236.7821
238.8053
231.2967
235.2320
236.6858
236.1306
246.3739
225.7087
230.7375
210.8136
234.7857
231.3999
214.1522
214.0550
227.4989
228.0883
246.1130
225.2116
237.9153
225.7953
248.0817
249.9684
234.4803
231.4045
228.6949
229.9701
249.7432
255.1606
243.6354
226.0237
247.2895
242.3110
225.1977
241.2369
231.4322
229.0891
214.2139
244.2767
217.5644
244.9644
237.4970
226.2109
225.1448
237.0505
221.6423
235.0782
230.4060
231.5987
203.4750
222.8769
217.5658
225.2126
226.1487
220.9526
228.9110
217.7046
226.9601
250.2957
232.3447
229.5584
251.2130
253.6337
230.2241
232.9067
235.1515
246.6976
255.7136
232.5348
215.8906
227.8684
225.8720
229.0078
227.5355
217.3637
226.2126
234.6897
241.0039
229.9570
217.4789
242.2542
238.9961
246.7283
230.2206
242.9125
242.9165
233.6293
251.2948
237.4771
240.9449
235.9423
240.4569
234.6512
232.9140
230.5805
220.8754
242.0238
235.4694
220.2313
233.8770
239.9374
217.0594
227.6452
255.5004
228.5500
233.8652
234.8478
244.9799
232.4418
216.1978
229.2965
247.5466
217.2053
204.8684
235.1648
202.5502
234.7243
220.2600
241.4118
230.6544
208.4925
217.7548
236.4611
223.1969
230.8951
225.5783
246.7500
221.4127
201.4274
206.9599
213.2120
225.1339
221.6352
217.4900
227.0592
207.2287
228.1070
234.3719
236.7318
227.8069
223.3958
218.1829
223.7708
219.6845
225.4745
227.0575
212.7691
217.3389
223.6641
232.6727
215.7226
213.2706
228.6248
237.9918
211.9191
225.3636
226.9144
240.4267
236.9846
240.6531
227.5889
227.6272
252.4314
227.3290
225.6921
242.9693
245.4670
245.8103
249.1473
241.0886
230.9925
239.1917
220.4993
235.6647
236.9666
236.3075
196.8578
224.8878
206.7910
208.7479
230.2337
191.9370
231.4714
206.5513
217.1158
202.1342
224.1716
226.6792
199.8605
226.3804
212.5994
188.9555
218.7690
216.6337
207.9757
227.8367
214.3314
217.3246
223.6967
202.2209
222.7174
238.4267
215.3964
214.0163
221.3176
206.2990
226.0623
207.7675
212.4641
216.9410
231.9666
236.8703
206.6246
228.6508
222.1470
225.5563
199.2049
208.5574
202.1465
206.1466
232.6579
194.5054
205.0719
206.2174
210.8701
204.8302
225.3404
196.1580
230.5540
197.5845
217.8237
206.2151
221.5185
208.1069
198.2223
225.6832
207.9669
249.0937
224.7381
239.7782
236.4554
213.7625
227.4366
240.0053
215.9753
214.5239
220.3383
232.5375
209.4255
231.4566
227.6388
230.9816
213.2030
235.1907
209.8113
226.3286
217.5864
214.6062
238.7112
238.7967
233.7474
229.8846
221.4152
225.2142
208.7922
224.5413
229.7562
253.1770
232.9400
230.2882
211.6547
216.2295
232.2919
226.3368
235.3770
212.6507
223.3341
214.7037
241.1168
232.8028
215.8112
212.8696
203.1161
216.0796
210.7812
238.7905
218.6721
215.9758
213.0863
214.1675
215.8470
242.2649
197.7364
233.9338
212.1458
216.5327
217.9341
204.6887
217.9205
222.4431
206.0514
197.5913
205.2116
212.2429
202.3411
208.7854
222.4489
208.3657
201.9067
205.1195
216.3041
204.3673
201.0611
204.3771
226.7135
185.8885
181.3939
190.7070
197.2012
188.2787
195.8438
190.3215
199.2978
197.7387
201.0789
196.4836
191.8386
186.0375
205.9139
206.8369
201.7274
192.6897
204.7963
192.6728
207.7399
203.9662
218.5986
215.4912
194.1152
201.7986
217.7379
206.6272
219.4881
212.2975
216.6118
215.0067
203.8678
204.8836
215.3733
184.2275
198.8921
221.9261
198.5765
212.7077
195.6784
209.5982
208.5395
223.8409
220.3726
211.1255
209.2391
216.0985
212.2658
201.9855
214.1926
201.8242
230.9244
201.3365
211.4346
223.7614
207.3346
212.5827
225.8903
229.7814
212.3268
220.7727
216.0180
209.3850
206.5123
229.8488
212.5550
205.2181
209.9410
207.3980
200.4562
226.8974
206.2384
211.1682
208.0004
206.1643
231.8166
205.9854
190.6463
227.4389
203.9027
213.3573
216.4565
226.2024
241.9336
231.5852
203.5505
226.1862
221.0709
210.3975
226.7669
234.9800
210.8472
214.4733
229.8970
220.5346
206.6011
206.8173
233.5429
208.5519
208.4707
210.2193
237.6941
219.1463
214.3261
227.8040
221.2971
203.0282
215.3857
230.7016
225.2499
229.6785
249.9487
221.9642
243.3842
223.0628
241.5840
227.3713
224.2072
227.6051
225.3393
216.3916
213.2206
217.7480
225.6972
229.2963
209.9322
245.2332
237.0138
217.2194
209.8577
206.8068
218.4478
222.4591
195.7953
239.2417
222.2511
234.9271
216.0322
217.0193
203.5922
230.0680
238.5680
259.4988
228.9489
232.2617
235.7420
239.7516
230.7262
229.1731
249.1949
236.9058
251.1130
246.0263
235.7843
230.2807
233.0791
244.2200
238.2190
238.0375
253.7175
227.3490
216.9697
224.5800
232.0687
198.7155
230.6016
238.8495
233.9234
235.8147
205.5930
215.8126
225.8200
215.1951
240.3196
225.4528
216.2921
230.4987
215.8382
225.4907
218.7066
224.3837
211.2781
200.9644
220.5607
218.9586
221.5930
204.2770
209.0502
208.2999
206.5091
196.4663
230.9612
211.9062
209.0324
207.8725
224.1689
212.0129
203.3909
222.4642
207.1672
223.5427
214.3103
234.1379
230.1129
240.4463
213.1323
218.4575
246.6831
224.0323
216.8083
225.4129
231.1328
218.4245
234.3581
226.6278
239.9044
207.4201
226.8024
233.1969
223.4977
231.2364
229.1176
240.9441
232.5500
235.0108
242.8347
219.2976
228.5059
236.6377
219.8069
237.6764
238.3076
239.0518
235.4251
228.0414
232.8907
233.0728
225.4419
228.7345
229.1512
216.2804
215.6130
232.7138
226.7540
213.1941
233.9650
222.9165
204.4413
235.6980
212.0164
222.7965
216.1072
225.8813
229.6634
226.5180
191.7396
221.4042
225.9639
216.6387
245.7676
205.2218
198.1457
176.4761
217.4589
201.1335
196.6625
192.3392
197.7528
204.0005
195.7475
202.4104
203.5874
197.1263
198.4997
193.4676
195.9701
204.9231
199.1649
197.4035
203.2368
191.6247
213.5893
202.9880
195.9495
184.2013
191.4300
185.4540
204.1526
191.6746
198.8988
184.2444
178.9969
210.6359
188.1437
165.4866
191.4807
187.3385
226.9255
204.7113
173.7080
217.7094
227.5925
205.1667
217.5207
213.4363
221.6152
217.8773
173.2252
212.7698
199.4603
226.9058
229.3749
215.8172
200.0593
228.3502
210.4588
217.2566
229.7109
212.6986
216.2562
215.4307
224.2139
236.9434
200.6382
224.5246
211.2922
221.1646
231.2527
218.4293
213.3318
229.0542
202.8055
229.7267
207.0460
230.3729
209.1417
208.4501
213.4780
219.5939
201.1842
219.8946
203.1241
216.3783
228.8425
224.1950
233.3215
220.9677
211.9313
244.3642
216.3734
226.5364
227.3488
212.8043
231.9932
212.4482
215.4263
211.5226
225.5264
208.4121
202.3775
209.0621
212.7227
204.6970
238.7763
232.2979
229.3343
228.6901
216.5078
222.3540
215.7560
231.0439
220.5619
225.8359
203.9039
222.5543
225.3950
201.7063
214.7702
217.0802
224.1271
203.7674
203.9289
213.0561
220.5214
207.9682
205.6687
220.3789
220.7525
225.1048
201.0301
215.0913
221.2130
210.4747
207.8754
217.8299
212.9889
200.4353
214.5369
204.1349
219.0070
189.9099
192.3791
203.9013
210.8660
191.9287
219.6580
191.7211
187.4447
194.7478
201.5655
191.2630
204.1309
207.9770
172.2379
187.9545
203.1458
193.3825
201.0903
197.5644
198.9729
201.9838
202.8194
179.7088
207.5566
204.1055
199.7140
224.8502
181.1571
193.6160
207.7641
190.3319
200.3571
208.0801
216.4996
198.0243
195.8317
213.2936
201.4355
211.5182
188.6932
238.7505
238.7575
214.1463
214.0586
216.0724
231.9997
225.5848
218.0268
229.5099
227.6278
240.1110
218.6963
218.9186
226.3222
220.8551
225.5504
227.7354
218.8067
195.1645
223.4615
236.1332
207.3804
222.8866
225.1281
219.6719
223.1580
216.6368
222.5231
228.5114
208.7768
236.2363
231.4387
230.0705
196.3137
226.3117
228.5930
223.8270
232.0190
220.5704
217.1430
240.4309
238.4088
227.4946
222.0152
217.6018
234.8741
225.1927
224.3599
223.5988
227.7278
235.9920
224.4436
221.8953
227.3661
222.6811
219.2977
226.4404
213.5699
214.2707
228.6421
197.7020
215.3712
214.6302
206.5590
200.8654
211.2111
204.0038
203.6485
218.8528
191.2226
215.0020
208.2133
206.0373
208.3592
216.0925
202.6136
203.0436
216.0148
221.4052
210.2269
226.5959
212.2923
231.4320
225.2459
228.5510
207.5978
214.7028
213.1949
228.8038
206.1455
216.3827
209.7594
233.8025
221.1226
223.7692
209.5822
223.3312
214.2606
240.5739
211.5138
211.4038
212.3149
209.5874
205.3613
215.7035
200.0212
222.3439
219.3648
189.6913
220.1958
204.5570
210.8819
210.9547
207.2187
206.7605
208.8291
215.3784
208.4994
220.3406
216.4871
205.2092
216.6753
213.9950
223.5030
231.5704
236.0636
220.8690
213.5820
221.4250
222.9408
214.5775
222.5273
238.0447
206.7119
220.9482
221.0175
216.3071
225.0292
222.1533
203.0170
224.6268
217.9035
215.1983
215.5377
232.0413
220.0724
212.4737
230.5223
212.1417
221.2609
224.4837
230.7240
218.1415
225.1665
223.5466
218.9489
224.9754
228.4425
224.1268
236.4024
194.4019
180.3859
194.5675
201.0756
220.8820
189.4244
206.2546
193.5338
213.1182
201.7470
198.2778
209.8156
187.4546
207.2536
202.4622
195.0473
190.3423
200.4131
213.9788
210.6759
198.7123
208.1782
204.3814
205.1586
213.1678
214.2495
209.6727
208.3360
207.8600
208.6270
222.8587
209.5438
205.7804
213.4426
213.5672
202.1840
204.3917
199.9443
205.1202
220.8042
199.3418
201.6618
195.9070
196.7333
218.9533
220.5187
207.6536
217.9025
213.6158
212.5886
208.9727
213.4410
206.3771
211.4329
199.3814
209.9135
209.3320
210.0871
224.3064
228.7022
223.9184
212.6996
199.4998
226.8272
207.7352
218.7044
218.3554
210.2391
223.1584
202.1014
211.8513
234.9934
218.3495
200.0209
213.0720
203.7119
221.4513
204.2121
212.5600
223.4204
215.2177
221.1664
228.9305
225.1661
228.8413
211.6172
234.1177
215.0338
221.4133
216.3688
207.3429
229.1432
219.1164
230.8393
219.6201
242.4015
230.2967
221.7808
220.3070
228.2650
231.9143
207.0864
216.9545
225.6678
224.7616
223.2951
216.0666
219.1246
203.5278
223.2558
206.5900
232.0857
225.4273
214.3687
208.1490
208.4579
219.7843
237.8573
216.7716
227.3973
218.2746
217.3437
227.4235
210.6446
207.1043
214.7414
210.1765
230.0966
210.8949
193.4533
216.2028
220.1157
212.7123
218.8702
224.3595
226.8474
204.0451
197.5364
224.7752
221.9761
203.3304
201.7586
201.5147
201.1474
219.3144
187.1431
205.0626
209.4938
200.3452
182.1304
212.7111
189.7802
199.7855
207.4417
197.2781
207.9535
208.5034
197.9588
199.6835
217.5932
206.6746
215.6679
228.2083
207.8609
196.7050
218.7480
211.5195
191.7561
209.7733
226.7021
206.0859
214.6999
211.5217
207.0787
189.0695
213.1450
210.8681
187.5988
197.3055
225.6447
186.6051
182.1126
195.4145
197.3153
192.3247
188.6547
185.7494
182.8824
197.1821
203.6931
174.1506
193.9155
191.4550
187.6341
196.8027
194.8212
201.0178
192.5506
197.9136
210.9430
181.3394
201.9234
198.4359
208.8625
203.1758
197.7981
181.5504
199.1250
201.6688
190.6249
188.6934
190.5063
191.7280
190.1103
176.2451
194.8103
194.0650
195.4290
171.3644
189.8724
211.1749
199.7948
204.0189
190.6349
214.5989
193.8280
209.6539
212.9092
188.6209
223.4583
192.6707
202.4894
219.1961
215.9396
209.0553
218.3306
204.5882
214.7710
199.2744
213.5473
200.6697
211.2608
201.4720
205.4234
215.5940
207.9183
203.7742
189.7791
217.8138
199.6138
200.5716
186.7643
198.4241
209.5418
195.7085
195.5939
197.1374
197.6005
225.9154
203.4894
237.0704
215.1700
218.0641
218.1813
224.4376
209.0547
210.9032
202.2223
226.0238
233.9806
215.0520
225.5752
223.6624
202.4319
214.1137
238.0775
213.5636
224.9820
206.3184
202.6056
209.5752
220.0105
214.6248
206.8617
206.1275
226.7465
215.9737
201.5248
219.1290
199.8037
219.4245
215.8838
204.9913
197.2307
207.1839
209.2602
217.5383
205.0035
194.2436
221.5355
206.8121
181.1129
223.5769
212.0282
193.7879
207.4693
211.5187
186.0034
198.4063
212.8360
203.6176
190.1302
201.3342
190.2612
205.8884
197.0730
188.5519
218.1481
208.2974
201.5775
213.6767
206.7858
196.3853
206.5485
200.3325
202.0934
219.5041
201.4794
204.8343
202.0696
217.4653
203.5219
209.0673
187.5003
210.5666
214.7685
194.6431
198.6835
192.9195
208.6600
209.9648
212.2766
191.2276
197.1762
206.2127
197.4237
216.4640
209.1153
203.2297
205.0240
197.2239
200.0230
222.0550
206.2612
205.7582
202.1317
212.2512
195.0232
216.5276
211.5902
218.2516
205.2022
211.8810
208.1138
213.7045
204.7323
220.0417
211.3694
204.8988
219.5130
200.2093
214.5969
197.4884
214.9070
204.4432
207.5025
208.2090
199.2650
220.8121
219.1465
213.1886
201.4132
200.3632
235.9642
206.1495
198.7000
213.5739
198.3832
221.0853
218.1295
202.6436
204.1243
226.3159
216.3970
207.6836
228.7879
205.5256
224.7979
213.5464
212.0125
187.4991
216.5755
199.6873
200.1689
182.8328
173.2617
206.7161
201.3258
195.4000
190.5722
190.9686
208.4071
200.7276
195.9191
179.5118
200.7640
182.3181
190.9297
197.2302
193.4908
191.8413
187.8938
196.9563
204.8550
192.1949
182.0058
202.8204
200.9554
198.0366
206.6428
209.0783
193.0932
190.9679
197.8596
197.8912
208.0717
200.8273
207.3490
215.0492
194.6163
220.2944
236.8564
233.7553
207.5243
221.2258
217.0657
214.2596
220.0771
214.0153
211.0938
212.2233
221.6749
214.1298
222.7678
208.1589
202.4215
217.1874
225.7460
209.3884
242.9308
201.9587
214.6716
218.4623
193.4520
204.4840
207.4379
198.5037
201.0795
200.1724
200.4693
200.1574
208.3868
197.8281
199.2502
221.8372
199.0770
212.1423
207.5504
202.9824
206.4522
216.9446
230.6375
218.6179
232.4076
234.9667
226.4284
236.7464
227.4439
223.7727
238.4840
208.9311
228.3850
208.7792
218.7334
212.1671
234.8814
227.5627
235.6585
228.6813
211.5082
239.5348
225.2762
248.0672
217.5906
225.8362
236.0903
229.5117
215.1688
242.1416
248.7968
234.3862
206.1321
221.4734
257.7108
232.6960
238.2469
239.6072
232.9089
243.1628
219.8928
225.1803
241.5968
241.1406
248.3353
247.0201
231.4212
244.4239
215.6045
237.0640
249.7976
249.0003
221.7396
237.0514
224.1075
250.9180
247.3067
220.0446
236.0080
222.1848
250.4775
231.7990
230.3170
227.5614
226.0105
221.6073
219.0495
231.5269
234.9033
220.2671
255.8671
218.9552
212.0997
220.1246
221.0899
255.8759
210.1800
238.6673
224.4628
223.2040
210.1707
223.9839
237.9324
227.2740
218.6251
246.7977
215.4715
205.8207
220.6438
245.7375
228.0452
217.0180
232.6856
231.4347
226.8527
212.6422
230.6962
239.6296
234.6002
232.8687
250.6811
203.3804
204.1572
190.6997
196.6153
189.7849
198.6980
198.4469
212.3000
198.1357
197.3887
214.5147
205.0792
219.4089
203.0388
201.9432
189.4302
213.0453
198.3913
214.0912
196.7680
204.5205
209.3143
202.8664
176.5352
202.0393
224.7369
207.0557
198.7792
210.5567
211.3377
202.6349
191.3025
218.4462
213.4607
195.4438
217.8757
202.5841
191.8066
213.5087
200.3659
210.2108
222.4372
208.4215
216.5369
211.4721
217.8677
202.3115
232.7387
214.9585
216.3779
218.5013
208.7041
213.5229
213.7128
207.1867
208.0751
197.0084
218.6997
216.3409
214.0967
225.3711
206.5111
215.5940
222.9067
215.6702
202.5936
199.6659
208.5592
218.0175
197.4359
225.2457
236.5854
226.4960
226.9882
226.9838
226.6252
216.9876
235.3380
238.0431
221.7225
228.6355
203.0885
221.0033
218.4975
221.0419
216.9130
198.6456
184.9272
216.1892
216.1127
207.4049
207.8406
215.6534
238.1274
202.9076
229.9116
229.7671
201.9734
207.1271
226.2028
203.1750
192.8295
192.5774
220.7503
202.1202
216.0061
217.3543
205.0452
201.6727
222.5156
195.3481
213.3354
192.8232
212.4271
217.3611
191.7986
208.2036
216.9284
211.6720
208.8455
213.0714
207.6916
214.6526
189.6094
211.6637
216.3218
196.7993
212.9729
186.5680
222.3093
204.3919
211.9795
197.0876
207.9442
197.1037
195.2555
222.6618
206.8397
196.8181
188.8845
218.1813
218.3993
231.5079
230.8667
213.5217
216.2674
225.8397
231.1347
202.4051
221.0063
215.3719
216.0976
224.2229
208.0782
236.1835
224.9100
205.5561
221.0957
203.8971
228.2138
200.0168
191.4015
198.8882
195.5967
225.2042
201.8448
207.8210
188.0747
196.2550
201.9467
192.9196
207.7487
193.3110
204.2320
203.5687
209.8707
204.2220
187.4797
206.7024
204.9623
206.9272
183.5408
185.5486
189.9552
225.7157
193.1404
183.8159
207.2698
193.6869
197.7915
199.8295
191.0144
203.6359
198.3185
195.3627
189.9413
201.9483
192.5739
201.4481
191.3160
223.8208
216.3816
222.0891
214.6272
209.1108
219.7320
229.7973
212.4671
214.2740
212.8795
214.6937
223.0022
203.3674
197.5002
226.7882
206.8512
214.4369
220.7576
223.5412
208.3132
240.6633
234.5737
224.3703
236.0732
223.5340
210.7123
245.2123
221.8488
212.1935
212.3340
218.9110
225.5421
214.0875
231.3385
232.9004
218.9310
221.8339
239.3147
220.1798
222.6635
209.6670
220.7627
215.5659
215.9368
220.7497
230.1670
191.6389
231.8634
206.1218
214.6375
245.3250
205.1704
208.8832
200.6206
192.9711
225.2086
208.4622
216.5785
223.8410
207.9143
218.3462
210.9498
225.1973
212.2819
205.4659
200.3173
216.4376
219.7420
225.0426
202.1215
210.8007
219.7168
216.4689
219.5592
201.3796
228.2859
213.1904
230.4037
220.6803
190.9522
205.0698
246.3851
228.7091
194.3221
218.6156
233.4580
208.2215
217.5146
211.6153
217.3998
225.5872
211.0735
228.0598
214.6207
205.6259
218.0738
228.7268
213.7708
216.8112
210.6473
215.6896
241.1066
233.4837
209.8861
212.7226
241.4550
234.4879
210.8417
249.1251
225.6405
221.7969
209.1607
262.6203
223.3603
242.4834
214.2256
227.5863
233.5694
226.4378
251.7525
218.5715
191.2455
231.6313
214.3637
203.4150
212.2729
224.5848
181.6756
217.1924
217.6641
215.0442
223.3450
224.7000
218.5723
195.9561
213.2722
221.0361
222.6154
210.8954
216.5658
205.6658
219.6150
203.4324
224.2779
210.9541
207.9489
230.8745
205.5351
219.5574
217.9912
214.2736
221.5847
196.0195
206.6769
206.8612
222.0734
226.5088
217.9846
204.7306
207.3212
221.4381
232.8461
216.0759
215.9508
199.3830
228.8101
213.1704
220.0184
206.6844
222.5126
230.0243
228.6198
211.0713
210.8679
205.3690
232.7082
206.3498
210.5958
220.3442
218.1737
222.6934
214.9277
234.5406
217.7993
227.9409
222.1175
223.1734
216.8205
215.9519
242.4517
236.4063
231.2812
217.4897
223.3640
229.2904
231.7784
233.3889
232.5463
203.5319
221.7124
218.7474
235.0806
230.0682
239.0432
209.3697
243.7427
226.2579
225.4701
243.9609
222.8368
240.8687
226.3569
239.6804
228.6354
227.9416
220.3394
228.5252
239.5687
230.2217
224.9579
234.1087
229.0378
236.5342
228.2147
246.5443
218.5894
227.6107
252.0348
246.6945
214.8111
240.1278
231.7257
237.1460
240.3590
228.6919
217.7669
239.5687
234.3669
224.2447
216.5347
223.7459
232.2706
234.6748
220.8771
242.8408
231.9689
213.7306
232.3020
223.5552
213.8801
238.5324
228.1481
228.1474
217.0779
227.6444
229.9223
212.4029
219.9136
219.6949
242.0675
211.6633
218.5845
225.7092
199.2652
214.6185
196.4981
200.1782
192.9932
210.7276
217.2017
196.2515
205.6101
192.8044
200.3065
218.4075
206.0759
205.6603
206.6704
208.4905
219.1894
205.1214
216.8541
206.6633
213.2834
201.4135
219.9411
210.3821
209.9229
208.0041
220.8481
211.5474
205.7715
212.0897
210.0640
214.1356
213.8267
214.3271
198.6081
211.0870
218.8074
213.6715
211.5350
213.2557
225.7093
211.5516
223.2448
214.7418
205.3581
214.4112
212.5798
219.1338
216.0075
204.7919
209.7060
223.6981
217.4281
211.0020
218.5236
202.7517
213.7405
195.9167
201.8778
199.3778
188.0215
196.0081
192.1456
212.5596
206.3631
207.3842
202.6924
206.7768
200.2781
200.6455
208.3320
194.7292
200.7689
206.2481
207.6611
197.6811
181.8038
225.5423
229.8277
223.7300
229.1620
204.1574
229.0132
235.0865
229.9232
216.0119
229.9250
216.8594
250.1102
216.2975
219.6399
248.1818
219.6575
216.9536
239.5319
232.5300
228.0651
175.8796
212.3067
204.5639
192.9158
207.7489
211.8317
214.1285
214.9471
196.0697
188.1009
200.2073
205.7985
221.4208
205.4784
199.9036
194.5748
195.0675
208.4138
213.4631
211.9571
214.5086
213.8846
211.6978
208.0836
198.9913
217.7020
208.2689
192.4147
215.8869
198.9036
195.2520
198.6575
200.7970
201.7363
206.5737
198.0067
212.3996
208.7452
191.5453
197.4767
205.0854
195.4454
202.1936
196.8209
203.5791
202.0538
211.5462
195.0397
206.3759
178.9494
210.5491
189.5498
225.4071
216.6717
205.3039
201.6716
193.7381
216.2532
210.5178
212.0620
231.9355
227.4185
209.9628
207.4500
198.9278
219.0690
219.1169
221.1797
220.1662
196.9420
218.3706
207.2935
197.8919
217.1539
210.0327
202.7659
219.6569
221.4178
208.9861
203.0159
217.1514
224.0796
243.3058
217.1467
232.5036
224.8987
217.3756
208.5164
220.1986
202.2807
238.5988
212.0837
211.2835
217.4081
228.7758
216.2015
219.3911
227.1001
221.9524
211.4223
224.8975
226.5351
224.1846
235.6547
223.6911
214.5048
224.8221
227.2576
223.2256
217.3551
231.4742
223.3631
228.3295
224.3570
215.8674
230.0755
212.9795
225.1881
233.9929
207.1301
236.3615
219.5696
224.5348
212.2516
237.9451
246.8314
209.3229
240.3549
250.5073
216.3176
219.5768
242.1090
208.1129
236.5294
228.8679
227.2696
234.2157
225.0451
227.8698
211.6136
240.7662
259.4108
230.7646
255.3497
239.9681
252.0366
247.3298
225.5655
220.2331
247.2397
234.4695
231.9420
244.9505
247.4543
218.1658
227.6239
252.1051
238.3439
240.8636
231.3066
231.5495
245.0969
227.7381
232.7171
218.8062
222.1140
237.0889
232.6400
241.0035
246.7401
222.5277
219.5878
249.5709
239.2004
227.6286
252.5477
246.4544
238.7998
234.8604
233.3305
233.5234
217.5433
212.6815
211.7851
251.5763
235.9398
232.8524
222.8081
218.8549
236.0350
213.7101
222.4478
223.2484
230.1008
224.0307
220.2008
223.7725
232.8278
222.4604
237.2941
213.5302
221.7363
219.2412
221.8070
225.2162
199.9403
215.7530
213.5016
214.0168
220.3328
218.9118
211.0494
201.5728
230.7991
206.0269
200.6154
213.1660
210.3788
219.0488
213.3395
218.8573
188.0457
200.9811
223.9692
213.5515
208.6564
194.7239
199.3511
224.9539
201.7927
194.3865
199.5393
209.2380
223.5656
209.3012
228.5337
201.8745
218.8561
199.5697
210.1982
227.7971
205.9125
211.9531
213.7733
218.0840
223.9575
206.4973
213.1673
212.3647
233.1577
201.0080
205.2371
204.1715
217.5456
202.8720
220.9163
211.2131
215.9817
215.2136
203.7449
220.8336
238.4607
230.2833
216.3503
221.0643
211.1892
219.7017
246.1190
222.2971
227.0086
227.8543
230.1291
216.5319
214.6581
224.2701
230.7295
228.0810
208.0542
223.9111
228.9501
203.7180
220.2771
206.2488
195.7442
212.7791
208.6468
207.7430
219.2385
191.4410
209.2663
192.2356
225.0814
218.1235
210.5116
208.4925
207.7754
225.2378
206.7057
219.3100
217.1156
196.0392
197.9546
213.5731
208.3197
206.1398
192.4841
212.3836
205.3023
200.6374
196.7005
202.3718
219.4060
214.5584
200.8885
195.6874
219.3357
207.8472
208.5754
203.5458
203.4293
209.1828
226.7066
231.6251
227.0838
220.4976
207.2339
214.5899
213.2914
215.3154
205.8503
224.1276
242.7630
225.9091
218.3966
230.3532
229.4358
223.7095
217.5000
211.7567
224.9997
211.9885
205.6517
221.9516
195.8395
212.3332
207.8361
229.5259
207.7991
215.8714
218.6178
224.6173
220.9762
225.3100
224.5040
229.8509
218.0576
206.1887
210.2404
215.2323
206.2383
193.6232
215.7706
216.8901
220.4595
216.2461
200.7908
237.5169
217.9514
208.3605
236.3031
206.2263
190.0896
210.9007
220.1402
230.9124
199.8154
209.9458
224.6487
207.1019
215.5069
229.5308
233.2111
222.8679
211.7783
220.5701
223.8852
195.5929
210.2747
223.7098
197.2316
221.2339
218.1567
214.3178
216.8505
211.2813
207.7364
251.1844
211.5976
203.6327
219.4197
198.7832
191.9276
209.9264
185.5616
203.1839
190.6539
194.5377
196.7469
195.0994
192.8966
209.1451
204.9374
199.8243
201.0361
204.3922
207.5520
214.5397
217.7082
213.3323
203.8650
207.0454
204.8744
200.5337
201.3211
189.0337
199.2283
198.7209
198.7926
171.3893
193.9591
198.3564
195.8775
192.7711
192.0048
205.7295
207.7510
204.3953
168.4492
208.8658
184.4088
221.7011
211.0535
201.0202
232.3856
200.2630
213.1851
202.8257
200.1869
213.6420
223.3955
204.8314
196.0329
209.9371
213.5566
225.6882
211.3102
227.9287
222.4976
216.1029
209.0532
211.7108
236.6262
229.9092
231.2416
235.2276
221.7486
236.9755
222.8488
227.0603
238.5267
217.2390
219.5854
233.7520
222.9558
225.5969
219.6169
238.4866
244.6666
215.0456
220.0062
229.3182
231.1793
247.8468
209.9528
239.0160
220.5018
219.7298
219.5144
234.6688
236.4758
227.4559
205.7314
236.0811
229.6456
220.7626
230.7904
227.7062
210.2457
208.9649
200.1859
211.5109
234.2896
232.3846
239.5959
247.1367
226.5387
232.9046
226.8977
235.8994
235.0116
228.4902
230.7254
245.7877
221.6410
226.5822
240.2685
245.5541
212.0588
245.3772
218.3102
234.1713
212.8611
236.2869
208.8313
235.1336
215.7655
234.0310
222.7503
227.7446
242.6447
218.0730
229.0696
218.7562
231.7829
223.4327
229.7454
234.7553
235.9341
225.0214
242.3294
208.4804
212.3634
220.4995
213.8144
210.9176
228.8329
216.6187
227.9644
218.9643
213.4471
212.7742
221.1468
225.8945
210.0385
227.3342
225.9260
213.8488
204.9348
230.2864
217.6269
240.8007
201.3429
222.4416
224.2907
232.1063
236.0285
240.6047
217.1853
220.2487
239.4695
230.8563
222.5170
223.6235
217.6203
220.9031
243.7878
224.2662
228.1133
232.0368
218.1766
233.4538
222.3228
240.3913
241.3086
239.5985
224.1678
213.0793
233.8585
235.2609
224.6445
252.9993
238.7873
238.5034
237.6110
233.0186
245.5285
227.6761
235.7460
229.2456
238.3650
238.4456
232.7789
209.0112
237.6885
223.7268
204.1147
224.6812
225.4606
237.3836
238.0211
231.4127
222.6774
227.2465
208.8597
212.4448
226.3496
241.1213
218.2344
237.2343
214.4773
224.0302
235.4115
219.4835
229.0622
207.1211
212.0323
221.0282
217.4360
216.5147
221.3686
221.7013
198.1921
213.1367
241.0850
234.5399
203.2548
241.4712
220.3321
198.0644
226.0190
207.2542
226.2910
226.9532
211.1125
215.0620
223.0779
220.7707
220.9922
212.1750
221.1241
219.1998
223.2561
209.6763
211.3615
211.3584
229.2748
209.7832
234.6470
217.2881
207.3655
221.8463
220.9544
220.4218
229.0540
233.1330
219.8470
231.4818
234.7627
215.7509
224.7257
226.5168
216.4673
216.7059
211.3086
229.3571
227.9975
230.5279
220.6435
209.9325
234.6608
204.9845
214.1245
209.8074
206.9411
220.4679
214.7778
211.5377
213.1456
195.0168
200.6255
221.1680
201.2851
198.7736
207.9069
203.3551
211.1433
221.8626
218.7931
208.3318
199.6000
220.5509
233.7288
205.2339
235.9002
215.7596
207.2797
220.2020
233.0082
205.3420
235.4008
196.5841
226.3889
221.8967
221.0391
222.3091
213.2676
210.5865
229.1726
214.2167
233.5450
207.2576
195.8847
186.4470
193.6590
176.0357
202.4578
208.3007
190.2221
181.1102
219.1325
176.6909
200.5936
208.7692
193.2901
197.2523
196.9912
178.2564
197.4447
177.7384
182.9380
212.8832
221.0771
197.2004
222.7782
207.8982
217.8692
217.8423
205.5616
218.5837
192.8372
195.7782
212.1021
213.0294
205.9293
215.3998
207.1622
220.8532
206.5981
211.6513
224.7052
208.2889
212.5778
197.6544
219.0812
209.4595
225.5555
216.7432
206.4625
219.5836
207.2129
208.0117
215.7919
190.5468
223.2991
201.4383
205.0585
216.2656
189.3392
227.0184
220.2833
229.5846
197.8068
196.1191
222.0631
205.5085
208.1277
194.8643
197.3020
231.6394
199.6922
196.6599
202.5857
200.9104
216.7141
217.1050
213.8729
204.4663
205.7607
210.8150
226.0241
208.1376
195.6469
203.7949
196.3370
202.7689
217.8031
203.5900
199.2761
211.5692
212.8790
170.9897
207.1469
198.3643
190.9817
203.1192
194.0358
190.7150
201.5015
207.3922
208.6351
216.4298
215.3662
223.9204
229.1306
209.2662
205.0826
229.9947
217.7263
200.6400
214.2535
232.2573
216.5075
247.6010
241.6506
214.0634
235.8033
217.3523
213.4568
231.8297
215.3491
207.4726
207.7402
190.1775
214.4201
196.6883
202.9123
227.0797
211.7266
190.4336
210.7762
201.3874
196.9245
208.5178
220.1501
211.5427
206.2164
192.3924
209.6677
193.5805
203.1281
222.7138
220.8249
216.9869
246.3314
221.7802
222.7020
221.5195
225.7667
218.9315
217.9200
218.9009
215.1453
229.5207
221.8542
219.7442
232.7517
219.4104
215.2950
233.6133
213.0430
219.7454
201.1014
196.5196
231.0549
204.6382
211.2241
225.9694
195.3340
213.8855
208.9852
201.5042
216.4328
227.1520
209.9796
218.1651
221.4153
203.8753
231.8782
195.5144
204.0436
201.9444
211.3144
203.8076
211.0453
235.8125
194.0815
208.3125
207.8572
198.7396
195.9400
209.5021
229.4512
209.7132
197.7755
202.5215
222.5201
216.2063
213.2016
209.8622
204.1179
200.0065
228.6387
212.0850
234.3368
234.6626
213.6845
221.0356
217.5154
202.2089
217.1081
205.0526
234.8625
208.0596
202.9286
220.4710
220.3362
207.5513
216.4001
218.0604
216.3495
207.3925
241.2752
213.3439
201.9181
230.9027
211.5290
211.2549
213.0421
204.7446
212.8537
228.1336
213.6658
229.3993
209.9818
213.7879
210.0107
214.7848
220.7601
202.2347
219.7389
206.7716
198.6602
200.4183
222.0898
215.7065
196.1004
192.6110
202.8569
227.7113
216.7085
204.0119
199.2914
191.7305
219.4500
213.4510
195.0332
203.3530
214.8126
225.4939
228.7413
201.1635
196.5683
188.0439
203.3995
186.9051
193.9253
203.0165
208.8759
182.7824
202.7883
199.9245
190.5138
203.6436
188.0511
214.1381
200.2009
210.7062
189.2145
197.0775
188.6413
190.0180
200.7341
217.1052
198.3029
230.9640
216.1716
209.3177
194.8338
211.1207
203.4466
206.6581
214.4702
217.0608
206.0792
208.1078
209.6376
211.9754
210.2030
222.0084
223.9690
205.2604
200.9703
202.8274
205.9971
203.0721
193.3762
201.7486
216.9353
212.2174
211.2497
184.1378
206.0826
215.0023
199.6578
199.0851
193.4867
204.3195
196.9060
189.4583
202.1643
211.2346
205.6209
215.5621
202.9856
223.7346
217.6610
224.8699
227.5395
213.6713
216.8460
220.9721
207.1205
214.4426
218.0443
207.2729
213.5288
201.7483
219.7707
203.5545
210.5187
201.6886
218.8233
199.2941
233.9031
215.0762
220.1102
215.0973
222.3548
230.8513
230.6627
229.4205
224.3580
207.4808
219.3134
218.2619
221.3719
227.2121
215.0162
220.5517
203.0784
220.9094
228.1241
224.1865
223.8064
228.8713
201.5444
214.4128
230.9690
221.2262
220.6170
243.8104
228.2079
232.3548
223.6004
220.7869
232.2195
214.1613
197.5873
232.8966
237.4695
208.9800
208.6979
216.7784
216.1547
230.4637
230.2285
192.6062
217.9500
233.3378
212.6414
222.1507
216.7062
209.8540
208.8917
207.2036
221.9882
218.7125
211.1972
206.4099
211.7743
229.4031
213.0743
223.2997
234.9859
238.1864
215.4518
193.4621
208.9603
226.7518
208.9937
193.8104
229.0391
233.7986
199.6461
222.4224
216.2726
218.7955
214.3580
212.8304
214.9601
202.0329
191.1108
207.0922
229.1411
210.7647
208.8213
222.4358
205.9352
213.3597
214.1328
207.1389
201.5060
194.5812
226.1348
198.5209
197.4849
214.8609
216.5734
202.3356
204.7535
226.6387
234.7291
257.2408
219.7015
225.1094
219.1832
216.4642
208.8755
253.3855
239.8273
221.6660
236.6768
240.0034
242.6797
253.8829
214.7276
228.9142
237.5765
234.1777
211.8188
230.9148
225.6582
231.5524
228.9225
266.8790
216.4969
237.5437
233.2824
227.6020
235.8187
232.7928
222.2606
246.2411
216.9684
214.9874
243.4167
221.3155
243.0137
219.0026
231.1128
210.7677
221.7368
208.6695
212.2171
213.0220
201.3100
216.0553
189.0091
211.1415
217.2756
206.3822
207.1913
214.2567
208.7823
201.4144
218.4808
205.7143
204.6952
221.3063
204.2639
195.5505
206.8275
184.2552
201.2073
213.7554
195.6004
199.6574
184.7665
205.7103
213.7010
201.3427
188.1707
198.6820
201.2867
188.4537
238.2189
193.2318
209.1069
225.3968
195.3471
194.2519
232.0509
223.4827
240.6899
223.0367
227.2470
226.7981
213.0744
207.4140
228.5574
224.9920
227.3174
239.8763
230.5280
220.5759
227.5831
235.2314
213.1245
238.2622
228.6493
239.9428
230.4281
249.2703
238.6099
229.3183
238.3054
238.9775
232.7131
231.1995
225.0439
215.0059
219.3794
242.2486
240.6769
241.3994
236.4092
222.5656
225.9094
227.8002
235.8010
229.4372
213.4790
232.7714
229.2385
224.0532
231.4841
206.0716
213.0987
226.4774
219.1012
206.6370
206.4447
215.2631
224.6173
219.1853
230.7884
220.9393
213.3314
219.5319
212.9332
220.0687
238.5877
232.5244
220.6582
202.7916
254.2862
206.9039
213.8425
237.3523
248.4939
217.4895
238.6525
211.3088
200.4356
238.3288
219.6563
224.4311
219.5439
245.1873
227.4457
228.1218
204.5937
214.1470
218.0567
204.2425
188.0414
195.4998
224.6035
198.8608
226.0511
224.3928
208.9839
206.8284
209.4887
197.3959
210.3928
222.2093
216.1031
226.1554
197.6703
240.0721
227.7859
234.6690
219.8383
251.1010
236.9918
224.9260
234.2305
214.4121
216.8930
207.1776
213.6399
219.5634
220.8714
225.4616
236.9841
213.6068
213.3856
227.0111
215.1628
259.8164
239.7261
251.5366
239.4524
214.2226
234.1407
236.8651
232.8709
242.9842
235.0121
243.1073
230.2618
226.1335
231.5189
219.7077
233.2254
238.1732
231.0007
222.1073
244.9402
209.5953
202.3114
199.6259
194.8303
199.3292
216.0694
217.3508
206.6256
210.7394
215.6811
203.5841
219.2822
208.1648
225.3003
201.0367
209.8399
219.9689
206.0329
212.6109
209.2694
198.4964
225.0349
210.3001
212.6671
216.8460
218.7385
204.5277
202.0134
212.4980
207.3464
195.6855
221.7413
207.5847
193.3091
200.4271
204.9823
210.3559
196.2276
201.4170
212.8712
215.9146
224.4273
210.3897
202.9272
210.9892
208.1270
214.5572
200.9895
205.1512
216.6728
211.7763
200.2351
206.0524
203.8671
210.2873
224.2473
203.5034
190.1543
195.4570
196.9187
232.4870
206.6107
211.7571
221.6597
226.8831
239.9473
204.1193
224.5436
237.3444
232.3202
230.2018
228.6525
224.4673
207.8615
215.6199
234.6270
238.7303
225.0191
224.3095
229.4848
218.5217
226.7882
219.6562
226.2641
218.1871
210.1432
236.1877
212.7662
241.3326
207.7582
221.4688
233.3902
196.9502
229.2621
220.8488
208.6040
218.5270
197.1083
218.2309
223.5703
232.4725
222.2566
228.6531
212.8576
213.5139
229.2030
226.6983
221.0398
238.8056
226.1348
232.7227
216.9554
215.0367
220.5735
224.3829
232.1165
216.5828
210.8891
249.0016
219.5691
207.8418
206.1235
218.8463
195.4713
210.6905
208.0764
216.1903
198.8462
224.3650
215.9634
226.2720
220.0029
213.9715
219.3395
207.1106
203.4942
233.0532
208.6296
220.8472
221.9029
227.7425
218.5189
225.4305
214.4563
223.9431
225.6879
231.2780
212.4597
220.2784
221.5437
223.9908
219.2868
219.6448
220.5006
229.1297
199.9515
216.3833
226.3460
228.6164
218.5247
214.1882
206.9603
211.4203
211.4876
211.4705
220.8864
236.7640
204.4885
208.4945
226.5023
223.3717
216.4360
228.7578
218.9942
199.7647
213.6398
216.4441
219.0827
219.1285
205.7718
210.3441
232.4326
218.2005
245.8348
231.3617
208.7196
229.1104
238.0739
203.2289
224.2214
229.7212
240.7652
216.9928
229.5990
236.9404
219.8474
241.1546
225.2755
231.4938
212.6965
232.3124
225.4837
231.7070
210.7949
220.2376
225.1708
231.6442
223.2947
251.7959
218.5043
216.6515
212.2018
233.5795
240.9907
211.9062
231.3009
228.5167
225.1198
229.7024
232.8486
204.5428
206.6904
206.0888
205.4604
217.3480
196.0742
201.1080
222.2182
214.9650
205.4029
203.6601
210.1638
217.3864
210.3355
205.7336
211.1330
225.4252
200.2759
232.8502
197.7730
237.7112
227.9076
227.3156
231.7296
231.1198
217.3518
210.9583
213.4108
223.4243
226.1338
204.9955
232.3307
214.2579
222.0958
234.2376
235.5745
227.3118
243.0277
227.2099
198.3183
224.1151
229.8510
237.0797
233.8135
239.3530
238.8738
207.6556
224.8373
232.7100
234.7953
223.2221
225.5006
227.4631
219.3513
236.6619
234.1721
229.1532
227.2068
241.7386
233.4270
222.1037
234.8712
210.9689
247.2385
222.9868
230.5590
243.1118
208.7828
225.8020
224.3830
220.4018
241.6776
229.2964
248.5272
227.0682
209.6534
236.9176
218.3311
237.1856
206.9799
244.6826
250.4375
227.6221
237.0954
210.2180
228.7662
228.4465
227.2773
231.7970
241.4325
229.1927
229.5654
243.0311
224.5815
240.6999
246.1906
211.5892
234.1546
231.1485
246.9175
230.5057
208.4745
205.6136
225.7524
213.3328
206.3218
230.9157
224.9604
229.7438
232.0371
227.7791
219.1664
230.1963
219.7354
245.3926
208.0610
204.7844
229.1430
227.7739
233.3231
228.9858
217.7831
213.9123
228.4988
223.5123
208.1978
229.3084
220.5265
232.0153
220.9552
231.0242
219.5849
220.0931
209.2631
210.8920
220.4957
236.7010
202.7486
196.4874
211.0132
218.2801
198.3749
241.0276
227.0536
222.1046
226.7725
221.7443
243.0144
217.6859
223.0369
233.3347
227.8904
209.3497
229.6443
213.8355
229.3109
254.4797
232.1375
232.1572
244.3530
205.8828
197.1953
211.9642
219.7729
212.0683
198.8493
198.8601
203.3958
230.3478
207.6145
206.3046
214.6333
201.7395
191.3489
203.4159
215.1264
204.6396
212.5128
208.2262
188.5071
217.6174
249.1124
222.1361
212.5533
216.0724
224.0800
240.3804
221.0772
231.4640
224.2713
221.6402
227.2605
221.7486
226.8164
226.2098
225.6019
214.0919
233.4751
231.4695
229.3522
231.8496
227.4239
216.0778
227.4812
203.8558
232.4957
232.6782
198.4133
199.1464
233.7892
223.0287
209.2844
227.5959
215.0702
222.9300
218.5780
223.2117
227.2596
214.1611
221.0250
212.6336
208.0244
227.3559
230.7140
216.6878
217.7748
211.7755
242.8920
201.9567
220.1982
228.1866
205.8650
217.4294
193.3963
226.9799
208.4249
221.9763
220.9253
211.3794
195.1502
233.6188
218.2678
237.2335
240.0603
226.0523
225.0974
234.4129
234.0235
242.3734
224.0564
217.6149
241.6898
237.3627
230.7275
230.5829
229.8766
225.4675
251.1037
203.1284
224.1391
230.7122
246.4494
237.6001
220.9990
246.9063
241.5210
238.6959
258.6508
260.4453
223.1670
231.9426
235.1564
247.1373
232.6613
241.1595
234.5448
227.8372
243.0275
241.1972
235.3513
218.4153
238.6538
230.4061
205.9075
217.1042
222.5946
220.3235
232.4206
233.1106
220.4087
236.9186
237.3759
235.7477
234.5220
224.3930
222.0880
249.6154
223.8313
241.7175
246.4077
191.2025
224.0452
223.6338
192.2299
213.4293
210.3826
211.2646
193.1074
206.3224
228.9456
201.8423
202.5741
211.1944
200.3460
197.5155
201.0175
216.5713
204.0604
210.5057
231.3986
237.6527
196.9029
219.4388
227.5658
223.9623
221.2046
226.9596
213.2255
209.8292
215.0973
211.0488
221.2234
199.4015
197.9855
199.2014
193.4856
212.9920
218.2819
208.3259
218.5504
223.0941
198.6653
230.2156
206.9966
221.7867
208.6066
228.9007
219.5525
214.8524
222.6590
210.5088
224.0052
220.6697
232.4204
234.5780
215.1291
227.6203
224.8186
233.1411
218.5463
192.5276
233.7100
223.0693
202.8302
208.4470
202.7212
226.2785
217.3821
216.5687
218.6669
215.1387
203.7248
218.5428
204.1045
196.3445
209.7355
199.6729
210.4584
217.6100
184.9333
263.9296
231.4207
242.7448
233.0479
248.0873
242.8725
242.0597
249.7699
247.3037
241.9033
248.5195
227.1480
273.6451
236.5874
246.9135
231.7972
247.2451
261.4266
233.9950
237.5416
217.3426
14.7450
