-54.0250
175.6023
155.5686
157.9986
160.6597
164.6537
144.9362
153.8582
169.8314
149.0635
154.7097
138.2604
149.0559
144.3052
156.4007
152.4399
122.1305
140.9342
147.0680
158.0310
154.4112
159.5629
127.9224
161.9425
142.6234
161.1476
141.9884
131.4569
152.2224
163.0147
159.8609
152.4821
142.6696
138.1741
155.4882
141.1300
154.6410
145.0167
129.7302
140.8661
123.8219
139.1516
134.6031
131.7606
131.8712
133.6632
133.3638
129.1506
127.1448
127.8703
137.3792
127.8640
124.3995
110.2014
129.5369
131.5826
138.1002
128.9664
145.6359
126.9438
133.3706
142.6176
137.0934
118.5281
135.0843
130.8846
130.7621
152.2484
148.1834
153.9648
119.4935
130.5600
146.9433
139.7635
115.5427
142.0688
133.4207
143.4807
159.7082
137.7761
133.7167
163.4660
156.3589
121.0373
150.5256
131.2594
139.1341
147.6221
161.9958
136.0470
133.4487
180.5984
139.1333
151.9033
138.3954
131.9598
157.2161
147.3705
123.6121
152.9788
121.8058
140.9302
140.3355
131.8369
127.9858
131.2362
132.7671
110.8022
135.5691
142.9030
139.7420
133.2408
130.0650
119.5903
138.8751
132.6540
125.7191
131.6005
128.5536
129.0479
152.5242
148.1141
131.9965
155.3560
154.0930
140.5437
148.1477
131.1904
151.4687
135.7222
143.9478
138.8774
146.9602
139.7784
144.8597
143.4511
150.8887
157.8207
136.5899
154.1490
158.1578
128.0002
133.1112
115.2985
124.2580
133.2375
130.4354
109.2493
127.4274
126.6913
119.8746
132.2231
136.7910
135.4245
132.5759
136.4217
127.8094
132.2763
141.4837
126.7396
142.2453
139.9416
139.4102
145.3140
140.1803
140.0755
135.7200
149.2058
157.8847
162.4409
124.1468
131.9786
162.6866
118.8579
133.7190
136.9925
145.8149
126.9904
144.5898
142.1206
152.3822
145.1812
139.1943
167.6214
143.5925
145.2406
148.9901
142.7958
133.9669
156.9694
154.6609
133.8114
150.5023
144.3307
129.1472
152.0801
162.0721
112.0573
152.8620
158.8632
141.3856
126.6084
139.1555
128.9487
148.0404
138.3912
148.9079
130.8082
161.7604
141.3100
126.7229
119.2198
143.4216
118.4533
137.4667
138.2744
149.7640
144.6377
146.0377
133.0740
159.2922
175.5268
183.2681
157.6579
165.3459
156.6879
165.0240
161.1127
151.4349
173.9352
154.2295
156.9956
162.4739
171.8946
149.1920
153.2107
162.5770
175.6546
154.8867
162.2434
153.3879
135.5381
139.3806
140.2147
146.4713
123.4260
150.0960
155.2126
135.5777
161.8176
136.4910
142.8265
157.9568
151.5975
155.1762
142.4485
143.9744
141.3572
139.3050
160.6115
148.3515
154.3840
154.8807
127.5957
151.4437
146.6493
136.0539
153.2609
143.7406
139.2483
152.3669
128.5699
144.9207
131.4330
122.3151
133.6088
132.1810
140.2527
158.4488
130.9630
144.4107
136.8856
126.2258
94.5539
124.1638
125.2305
107.9842
119.6304
151.8066
112.9622
117.2140
130.4355
125.1508
132.0366
140.6574
137.3329
135.1195
122.4082
116.6103
123.2972
128.4589
128.4246
104.2185
119.9576
120.6681
119.1758
136.2911
131.6784
116.0078
115.5750
117.8904
119.9342
129.7461
119.3085
130.5295
106.8283
128.1935
112.2268
113.3631
122.1080
112.5517
130.5252
117.3229
134.8064
129.7429
124.1373
134.8159
131.0913
147.5089
126.6891
124.1476
107.1493
121.7166
111.8980
103.8543
130.0124
132.4689
116.4958
141.5410
149.4962
102.7605
111.9276
104.1088
106.3513
103.3677
116.1419
106.6281
118.0267
117.5937
111.2977
121.7954
107.5732
125.7147
128.2198
119.9631
99.2022
98.3469
109.0639
108.3344
117.1407
117.6509
128.8259
136.7629
129.4933
125.9955
137.2515
134.0498
125.8366
128.2431
127.7473
139.6160
121.0691
124.7139
115.4607
116.4097
115.5924
140.4091
129.7203
116.4460
117.8369
138.1047
120.1353
134.5033
125.7639
143.1909
131.5213
123.7487
144.7696
135.6468
124.0050
145.3436
146.2517
115.7163
132.9808
133.9941
147.3887
142.8795
141.9538
128.5430
148.9743
132.0812
128.5985
136.9398
122.9421
134.8454
133.4460
122.2134
130.5826
140.5880
133.3847
121.1704
141.6530
114.7075
131.8767
125.2519
132.0300
133.9011
122.8222
127.7844
131.5811
130.9460
128.0952
111.6130
116.4453
133.3344
118.1072
129.6272
100.3900
112.0422
125.1251
109.1890
138.2150
125.2406
126.7481
126.7491
111.9313
121.7036
119.1616
117.3815
128.9585
122.4809
118.9608
114.9257
127.3920
117.3497
128.8842
145.9044
129.9736
122.5518
100.7779
121.0335
119.4161
133.4269
130.8287
142.5424
115.7076
126.1842
141.4312
114.3107
122.3015
118.2688
159.2128
121.8526
119.6479
140.2582
125.6819
118.0407
131.3887
135.8078
133.1770
134.3834
133.3943
144.8076
126.6804
152.1138
128.5908
131.5046
119.7539
139.2820
131.7281
121.6775
120.7852
115.9001
112.7094
132.3731
122.6370
117.8946
131.5353
120.7005
128.5463
112.5774
113.3322
117.1466
122.3065
112.3782
118.0948
128.0637
122.2313
113.4345
129.6824
116.2576
120.1326
143.9522
113.8832
126.7017
130.1413
115.5761
132.1118
123.8464
133.5310
127.9204
119.8983
132.2385
136.5851
110.4416
133.1118
121.9489
119.8807
120.8521
126.7617
116.8900
131.7238
135.9815
154.0598
132.9377
114.4345
135.5081
146.1511
126.2760
127.1577
126.3493
129.5640
134.2090
131.5544
129.0045
116.1600
145.9025
149.5975
125.0873
132.3718
130.3247
121.5403
121.3180
125.2647
137.0161
118.3772
139.5980
132.5451
121.4438
112.5335
136.0425
106.7049
104.3586
133.0741
139.3274
122.8223
122.5337
122.4773
126.1978
117.2586
137.3767
144.0884
162.0691
133.9707
139.5296
156.2449
131.7481
155.2834
148.1339
153.0828
144.5419
145.9869
128.2671
140.2407
136.9277
149.8495
140.3202
149.3926
144.9638
142.7371
148.8966
156.2597
163.1191
168.5176
152.3209
152.8113
146.3904
148.2399
159.5372
156.2856
147.2562
156.0967
149.3476
142.8888
154.5396
163.6725
153.7707
160.2241
160.8045
138.2695
151.1170
148.3555
135.1806
154.6395
132.8681
156.1409
133.9079
123.9582
141.7008
139.5356
139.6007
146.4059
160.3228
147.1836
160.5370
139.7629
157.0354
135.3533
141.0987
146.9717
165.7209
159.8697
160.9387
161.0482
142.4205
137.3183
171.9810
166.6091
160.0653
158.2679
151.4062
141.4866
164.6213
151.4410
145.7702
166.8627
142.8720
156.9471
177.7444
165.2526
140.9470
150.4059
127.8079
114.4505
137.7221
152.7434
148.6280
149.2174
130.2841
149.0662
129.1983
141.9957
124.7962
128.8521
144.3668
139.3462
141.3148
132.6970
138.3422
152.2083
130.0522
143.8883
119.2213
129.5495
119.9963
115.9490
131.0178
127.7565
110.3495
115.8063
132.6364
122.4240
111.4386
121.1667
133.6078
125.6884
129.0262
134.0153
113.1362
120.1468
118.4008
115.7542
109.8090
106.6787
133.6130
106.9743
122.9030
120.3232
111.0354
125.3296
127.3565
119.4365
104.2389
133.6570
113.4647
107.6588
126.7041
114.5263
111.1133
109.8756
118.4465
132.9706
144.8971
137.3097
129.5133
159.2771
127.6490
145.9063
134.7808
132.0794
138.7379
116.9811
131.2464
131.6483
124.2887
151.6586
140.9407
121.5668
128.5578
128.9989
128.4877
119.1677
122.0128
118.0781
131.2941
142.0498
139.5982
129.7873
119.3758
114.4489
150.4151
119.1351
105.0409
137.4354
104.2022
142.2633
102.0497
125.9045
122.4876
127.6856
135.4508
139.6592
148.1337
120.8490
129.2243
144.0980
130.1249
136.1339
120.1025
162.6938
155.7352
119.7717
121.9269
117.9523
148.4431
143.0721
126.0034
141.6352
140.0689
120.0751
130.9052
143.0832
123.1788
125.7636
109.3919
146.9336
117.2524
123.1698
104.7728
125.9205
115.8405
128.6882
119.1126
121.9716
122.4078
143.7411
140.6543
114.1705
119.2081
117.8646
133.0060
105.7644
122.4766
118.2938
122.9695
134.1259
129.4805
105.6634
129.8367
128.3792
116.7559
105.7384
103.0701
119.7380
132.1159
138.9779
116.6807
114.8279
122.5272
130.4881
127.3246
135.7693
148.3107
116.3183
113.0356
130.4823
147.4410
141.8387
106.2957
143.4606
143.5523
105.4594
138.6217
130.8039
124.0055
140.3434
119.9076
124.8381
117.8747
150.3792
130.7289
149.7709
130.7405
136.2703
136.5273
130.9272
148.5828
152.5990
139.2627
137.1720
117.7403
142.7714
119.3902
132.1289
146.5308
106.8561
128.4290
129.2682
125.1186
142.7080
134.9493
99.5176
140.1498
121.1975
126.5417
128.5656
116.8887
120.3259
109.5470
104.5465
107.1089
122.5466
120.7127
109.0622
124.7002
109.0173
123.6812
127.8873
106.1159
126.2296
119.4938
121.9189
102.9667
108.0517
105.7271
109.2838
110.9531
120.2069
117.8575
120.6239
113.3452
104.6259
108.5053
111.7549
124.0711
125.7633
110.5896
101.9722
103.5731
106.2308
127.9379
120.6658
119.9535
114.5726
102.5486
117.4641
127.6097
99.5179
118.3064
102.3042
116.3965
96.8164
108.7841
116.3810
118.0794
115.5424
121.8719
126.8959
98.8091
108.5680
135.3029
123.4071
130.4063
143.0674
138.6769
149.7683
125.3901
134.9032
143.4810
122.8208
153.3692
126.2758
128.2704
120.8782
130.0417
150.7499
149.6675
106.1616
146.9539
136.6285
136.9230
145.6438
132.3103
122.5067
132.2093
138.7125
135.6457
127.7864
141.3245
126.7549
129.6113
122.4266
117.4570
131.2548
143.4317
129.4744
125.6852
117.7469
118.8431
138.5767
135.5223
127.3089
119.2949
124.8894
151.1042
136.8168
119.5635
130.4395
128.4039
135.7815
131.9276
130.6111
131.0027
120.6801
141.5292
136.4858
156.3723
132.3149
135.7453
153.0998
153.2837
160.8147
160.3765
142.2974
163.3251
150.5094
162.6570
140.2708
138.4429
153.9984
157.0969
159.7648
158.5403
138.6896
133.0766
144.7895
162.5297
141.2478
146.0164
163.1839
147.3330
127.3291
129.7885
144.6646
114.4067
141.4612
113.7964
121.2405
132.6371
133.8755
121.7400
137.1109
123.7016
128.4521
127.1817
155.4797
136.0070
141.3419
133.5025
132.6450
137.9810
148.0421
159.3467
150.2004
126.3812
144.5644
147.7258
125.6978
123.0309
146.8272
144.1673
141.8556
130.1851
121.1001
144.4132
161.2204
149.1625
151.2070
147.8121
149.4907
159.6913
149.1302
140.5299
134.2956
145.3628
157.9648
132.9829
136.2391
128.5716
145.1329
132.2139
132.4512
141.6765
124.0129
137.7635
134.4517
139.2918
134.7976
140.6652
142.4269
144.6702
149.7834
128.3737
135.1310
150.4982
136.5077
130.6732
153.8204
142.9357
114.8515
142.2002
136.7253
135.7633
125.4615
138.1068
154.6312
141.3179
122.7942
153.3159
165.9409
135.2846
148.9395
116.6536
131.2773
110.0000
120.8140
143.1596
133.7763
115.0295
128.4053
120.5234
125.9180
104.6040
130.0547
150.1925
144.5092
138.2602
126.3872
129.9738
133.9258
124.2764
140.6127
119.7059
113.2525
111.0323
119.9677
124.3099
129.6173
124.0342
128.1243
122.1160
120.6153
135.0884
130.3616
124.0260
115.0692
132.0811
134.4550
119.0384
109.7335
135.7721
144.1859
142.6915
129.0249
132.5498
128.6991
142.0792
141.9387
116.9541
142.2119
143.9495
126.5066
123.9474
123.6269
120.4254
128.4478
138.4966
130.2393
149.0649
133.9457
132.3499
94.0518
133.8185
105.6155
123.8330
121.7898
100.1031
138.8359
99.0307
123.8947
113.4468
128.5280
106.2269
103.8390
130.7652
103.9854
117.9843
141.7112
111.7316
113.8219
122.5678
119.0507
132.6080
129.5898
123.1481
144.7709
124.1377
108.5415
131.4393
132.9747
125.5879
140.6503
120.7905
139.2191
134.4728
130.0000
114.8292
109.9576
140.4805
118.1302
124.8163
104.1759
130.4183
121.1001
127.5541
123.4020
96.8032
135.2795
124.6126
123.4514
118.7029
124.7480
104.3717
133.5194
98.9878
132.1619
111.7804
123.4855
108.1191
121.4211
131.5696
123.8301
141.8229
100.4703
124.8791
109.7848
113.1416
135.9570
122.1829
109.4238
133.7770
135.2845
129.1217
117.0050
140.3604
118.1740
121.8981
118.5794
136.5570
114.4373
139.7704
132.1688
140.9923
144.1350
119.8589
119.7345
124.7412
128.6876
137.2436
133.3053
149.8535
134.0431
128.7318
105.4665
125.4953
128.1435
147.0505
142.3417
126.1811
132.2627
123.0144
128.6020
118.0364
126.7320
100.0380
108.4452
125.5118
128.5823
138.2017
125.0802
130.6740
102.5009
122.6173
125.3604
128.2920
127.2428
125.4207
99.0116
143.7046
107.1350
129.2791
113.2385
112.0222
125.2982
111.9063
107.4540
123.8554
132.4082
124.7905
117.5484
127.6329
121.2245
107.2848
121.6227
128.2120
124.7339
113.5256
125.5456
128.9547
125.6540
103.0163
112.1468
116.6167
107.1826
100.7799
109.6073
102.0883
107.7399
98.4772
100.2507
96.9613
101.3550
106.0801
111.9991
92.0418
90.9747
96.1556
105.3587
93.2295
105.1940
90.1365
112.4754
98.0347
100.7033
122.3636
114.7573
98.4349
109.8581
97.0326
103.8929
99.7309
101.5191
112.5576
111.4236
100.9981
132.3309
117.4440
94.4182
117.8807
103.5797
120.8591
125.4363
126.5846
111.1996
114.6942
124.0832
125.8639
118.8934
122.9481
133.3074
120.8019
133.3801
104.2235
133.7878
123.7109
111.3204
127.7943
122.6511
109.2243
105.2159
122.8794
109.1073
113.7429
120.4824
123.3460
99.9998
117.3461
124.5838
119.8477
122.5204
129.4795
102.8157
123.6515
118.6290
121.8478
123.8526
97.8761
123.8329
139.3467
102.3806
126.0102
133.3956
130.2006
120.4465
104.7998
115.0687
143.1141
120.5201
125.5305
136.3758
119.8437
111.5630
136.0740
132.1046
116.6218
126.3136
139.9927
139.9602
113.0658
138.1196
138.2787
146.7606
119.0480
138.0152
142.5977
129.1190
135.7008
153.9294
141.6454
126.2275
131.7075
127.3527
106.8639
135.0788
113.5046
133.8256
115.4723
129.5431
132.7142
129.3602
131.5630
132.9692
135.8890
131.4270
123.5665
119.8716
139.3529
103.8386
112.1752
132.0491
139.3358
142.5555
130.6233
126.7002
153.6449
109.8233
126.9154
114.2787
133.1628
132.2105
145.6958
155.1856
146.6273
125.4272
156.2674
153.0203
149.4092
145.2768
154.3884
156.1089
135.8484
148.0848
134.0296
139.1295
149.2648
154.8875
152.1376
140.8301
146.9621
146.9610
131.4470
123.0499
133.3711
125.5346
118.3195
151.7414
119.6866
111.6193
116.3762
114.2608
144.9052
134.5226
124.4568
135.1310
109.9575
124.8792
134.2186
119.6842
134.4223
125.0178
131.6897
111.1561
124.4027
135.0756
114.9865
116.6155
114.1039
131.5299
126.8145
127.2946
129.2459
139.4335
104.7324
123.8745
126.7089
127.8208
111.4924
123.8733
132.2157
113.1718
128.7540
141.2561
150.5764
130.6012
134.4675
124.0972
151.9983
146.3121
117.8701
140.8805
148.0789
139.2272
133.5986
146.4093
130.4138
138.0218
124.8119
157.7521
137.9535
131.3169
141.3294
135.5822
137.5616
125.7361
134.4398
131.6582
123.7936
147.6677
138.2415
130.0286
146.9571
129.1701
128.5021
127.6075
131.3325
138.7907
133.8995
133.6923
141.4150
138.1565
137.5504
132.0341
132.7803
115.7104
121.5360
135.2246
114.2890
125.3336
144.0329
112.4968
136.3951
125.5589
132.1230
122.4747
118.5742
121.8711
156.7157
126.8448
122.3516
131.8631
102.2726
91.2994
98.4541
120.1442
78.9730
95.4184
99.9497
104.2205
98.7835
92.5704
100.8792
94.2183
92.8412
99.3454
98.1109
103.1335
100.5512
91.4749
97.4482
99.1449
93.3198
99.4285
77.3682
87.9574
95.0096
106.7471
99.5641
105.6887
86.8826
99.2827
91.8766
106.9493
112.1694
80.1871
102.8066
125.6520
99.5973
103.6802
63.8101
86.1872
117.4881
116.1051
106.1861
128.6423
116.2489
120.4330
112.0736
115.8131
160.8151
121.0591
134.3506
106.8827
104.3447
117.9305
133.9754
105.2162
123.5157
116.4746
103.8567
121.2090
117.4724
126.6955
117.8078
104.9371
141.5716
117.5209
130.7453
120.8713
110.7387
123.7184
128.6114
112.9429
139.4390
112.3126
134.8548
111.5335
133.0253
133.6385
128.6570
122.4542
140.9131
123.1842
139.9721
126.6988
114.3764
118.8610
109.6164
122.1824
131.2439
98.6106
126.7849
116.5856
115.6126
130.4422
111.0351
130.5457
127.7908
131.5945
117.4332
134.7312
140.6562
134.0271
130.2381
138.2153
104.3024
110.6818
113.6794
114.2802
126.3916
120.7156
127.4244
111.8015
122.4601
117.2078
139.1296
120.5131
117.4808
141.3765
128.3409
125.8079
118.8757
119.1941
119.0914
109.8275
102.4530
115.0466
117.2580
102.5479
102.1957
97.7165
121.8965
107.9235
101.6983
112.4265
115.0721
105.0480
110.0404
122.3879
108.2944
118.8876
103.9028
100.2315
97.6764
86.2236
79.2097
98.2031
70.3344
98.4208
102.7642
95.3459
88.4994
98.9822
85.8730
81.9552
118.0317
102.1690
86.8379
96.6829
89.0490
92.6078
91.0097
106.0587
105.1558
128.2835
100.3169
103.9445
108.2927
82.9489
126.7661
114.3669
100.2742
117.5797
107.6076
99.9671
91.3437
109.9099
112.2652
94.6178
106.5051
96.3247
119.3500
108.8501
109.0136
133.7046
133.6999
131.7171
115.7755
122.1418
129.8673
118.1832
120.1160
107.7175
129.1455
128.8891
121.4530
126.9528
122.3117
119.9409
129.0369
152.8540
124.1803
111.4982
140.3960
124.8607
122.5474
128.0699
124.4467
131.0946
125.1947
119.0295
138.9568
111.6048
115.9747
117.6275
151.6754
121.2539
118.9192
123.9733
115.7267
127.1079
130.5175
110.3634
112.5365
123.5829
128.9213
133.2766
116.0520
125.8863
126.4809
127.3526
123.2989
114.8389
126.5446
129.0627
123.5549
128.1772
131.7350
124.5361
137.4463
136.6369
122.2077
130.6651
112.8183
113.4435
121.7308
127.2710
116.8567
124.2395
124.6212
109.2226
137.0789
113.2314
119.8904
122.2135
119.8649
111.9727
125.7724
125.2217
112.0946
106.7558
118.0410
117.6329
131.8925
112.7304
118.9654
115.5566
136.7702
129.3943
131.0713
115.4312
138.1459
127.8595
134.3810
110.4745
123.0706
120.4254
134.6540
120.8508
130.0132
103.5723
132.6714
122.9316
121.8044
124.7923
128.8902
118.3524
134.4165
111.8986
114.7087
144.7527
113.9456
129.6451
123.5321
123.1626
127.0332
127.5480
125.3430
118.8010
125.8044
113.7926
117.7619
142.6251
130.8370
133.6099
124.2522
116.1144
111.4438
126.7752
134.1245
126.2353
124.6112
133.0081
125.3268
109.3936
140.9150
126.7871
126.6384
131.3900
122.5757
125.4178
144.6744
122.4562
129.1850
132.1030
131.5691
115.1353
127.1134
134.7109
116.6141
135.0822
125.9716
122.5670
116.3638
129.2088
121.9427
123.5568
128.2246
122.2644
118.7094
123.0876
110.6498
111.7566
125.8244
111.4637
104.9128
85.2050
116.7344
99.7132
112.5550
92.9016
104.3958
107.8114
96.1616
118.6418
98.7852
103.6049
111.0740
115.7459
105.6455
92.1360
95.4184
124.4172
114.9126
118.7333
117.8622
109.8806
108.7632
113.5368
114.6953
115.0706
114.6399
100.0906
113.4732
117.3285
109.5096
109.5597
120.9428
118.7158
123.1077
118.0304
102.2449
126.6479
124.0341
130.0230
129.1705
106.6941
105.4304
118.2890
107.7542
112.1907
113.2810
116.8983
112.4215
119.4067
114.3350
126.4637
115.8937
116.6670
115.7603
101.1782
97.1465
107.7381
118.8742
132.1073
104.8910
123.9924
112.9473
113.1397
121.5048
108.6081
129.6474
119.8504
96.4633
113.4314
131.6836
118.5439
127.9923
110.3116
127.4795
119.1819
108.1965
132.1878
126.3924
118.3432
122.1450
118.5578
135.8300
113.1444
132.2841
126.0634
131.0279
140.0345
118.2570
128.3578
116.4871
127.8446
104.9178
116.9080
125.6715
127.1446
119.1395
112.7709
137.8820
127.8926
119.0445
120.0864
121.5349
128.7130
125.6196
141.2664
121.4729
138.3881
112.6374
119.1813
130.4446
136.7504
136.4797
124.8912
106.7980
128.2876
117.3040
114.7469
115.7544
105.5141
122.3307
125.9162
118.1750
122.8090
102.7816
122.1381
139.6489
116.7468
112.8487
120.3195
114.2076
108.4671
106.0248
129.0910
135.5144
108.0862
111.1117
107.8360
109.4584
109.7871
110.1771
91.8011
124.1778
106.2033
101.6886
110.9319
129.0282
98.4981
121.6318
111.4021
103.7710
113.8915
103.2528
102.8013
113.2937
111.4669
93.6350
117.6431
108.5862
96.0203
116.4289
127.6372
105.5136
112.7196
132.6389
114.4588
97.4686
118.2490
109.5054
112.6746
117.3650
135.2136
111.0732
113.4258
136.7412
127.0773
98.5112
102.9597
107.3469
94.0940
92.1869
97.2469
100.6214
103.7876
106.7641
92.2460
85.5453
115.4242
95.5885
97.9776
101.8694
92.5383
94.6034
88.4639
97.0190
91.4615
78.4592
111.4709
90.7754
94.3187
83.7298
89.4840
94.8488
111.3082
93.5597
90.8127
102.1111
104.0614
102.1886
101.0174
102.4663
116.5139
97.8424
98.6741
97.1864
121.4631
102.8120
115.9796
127.4150
123.2077
136.6740
112.4344
133.4784
117.5385
114.3058
138.6153
103.5179
134.6422
124.7819
107.7907
111.2585
118.2306
108.6664
122.6914
112.4654
127.8293
113.7566
114.6942
104.0419
113.9645
109.9009
99.7640
107.3443
111.6861
125.7085
97.4873
115.6779
114.8264
128.6752
117.0387
105.7596
119.6287
119.8584
118.1803
117.8746
89.4382
111.8067
113.5917
135.6644
132.8967
132.6047
126.2967
141.9431
139.9804
148.5921
124.7688
116.8199
135.9484
125.2120
127.0200
148.5601
136.8421
112.6468
137.2095
125.9362
144.5707
148.3178
126.4025
116.0288
121.2858
129.1626
129.9290
109.1841
119.9941
134.5515
116.8507
136.2553
116.5602
120.0759
131.1047
138.8442
128.7495
126.7602
118.5230
131.0439
141.8775
114.4632
111.6418
137.5727
94.7473
106.4043
124.8664
110.9237
106.8370
132.5935
120.2104
105.4544
114.7423
128.3737
117.2052
128.1387
112.5268
121.4563
130.0343
100.1406
110.1214
116.9559
112.8108
119.6332
130.3122
120.0816
126.2059
124.5521
107.0082
125.1283
121.7663
124.5320
109.0561
123.1085
117.4772
139.2404
115.9997
111.8303
131.9087
127.9021
133.7841
117.8802
119.7286
117.4171
138.6779
132.6173
123.2542
132.4819
113.2342
120.5105
126.4770
124.7102
132.5023
129.7616
107.6966
123.3825
123.9920
127.6509
117.3654
134.7501
113.2237
118.0811
114.1513
127.2647
120.5492
124.4266
118.7349
127.6346
112.3939
121.0989
127.6431
112.8980
132.2549
117.7536
135.0477
117.5608
128.0222
124.8815
124.1458
133.3029
111.5969
113.2957
121.2689
133.1807
134.1945
98.4488
128.3441
135.8877
120.8657
136.3548
113.3325
116.1999
131.9888
130.4779
108.0308
118.1423
126.8626
105.6078
129.1268
109.6209
120.9055
122.5347
112.4312
83.0700
100.1830
99.7236
117.1035
126.6503
92.9870
98.4585
104.5902
109.2646
108.7160
91.4758
99.2008
103.9758
120.3467
99.0162
117.4952
109.0497
102.6083
106.3614
114.1794
118.2219
108.9015
101.1139
113.9095
123.9552
103.1357
105.1069
107.8757
99.3681
96.9242
112.8512
115.0371
108.1745
108.1419
97.9125
105.1156
98.5595
90.9548
111.5711
117.8554
101.0508
104.2568
130.5931
116.7511
121.0058
123.8285
117.9282
124.0744
126.9659
125.8401
116.3455
123.9161
115.2514
129.8814
135.6002
120.9900
112.3379
128.6408
95.1395
122.2784
109.3493
105.7166
130.7762
119.6435
116.6890
125.6410
123.1511
123.9679
123.6746
124.0167
115.6796
126.3496
124.9665
102.2221
125.0851
111.9799
116.6294
121.1396
117.6965
140.4285
126.6430
138.6792
124.8494
122.2306
130.8879
120.3802
129.8260
133.5450
118.7059
148.3968
128.8046
148.5127
138.4195
145.1085
122.3493
129.6902
121.5112
128.5955
145.7774
129.6824
143.7610
120.8955
151.7198
143.3355
132.9431
139.5647
154.2097
127.0688
120.1361
134.6897
163.2529
147.6507
111.2630
136.5296
130.9088
129.6021
136.1108
125.8885
149.4753
167.8639
151.2077
151.9383
144.5408
145.9902
161.6550
148.4493
177.4215
155.9845
142.9230
143.9718
171.2759
155.7890
168.8239
142.1297
145.5009
172.9792
156.9464
170.8194
142.4670
134.7103
136.2393
138.7368
140.5248
144.9208
147.4633
134.8838
131.6506
146.1975
110.3117
147.5432
154.5360
146.3749
145.3098
110.3645
156.5271
127.7926
141.8230
143.3627
156.3571
137.4452
123.3640
134.5582
142.9885
114.5609
146.0255
155.9474
140.9303
115.6685
133.5413
144.7339
128.8607
129.9777
134.6616
149.0625
130.8670
121.8781
126.9441
128.8508
110.8564
102.4970
101.6435
115.1889
109.2812
116.0908
107.1196
107.4612
93.4972
107.6598
108.5660
91.2423
100.7336
86.4327
102.7192
103.9530
116.4911
92.6961
107.5348
91.7085
109.1186
119.3366
114.4252
120.9535
147.4553
121.6843
98.9581
116.7159
125.1195
113.2057
112.4447
121.2134
132.5989
105.2107
110.3989
128.4728
105.7228
121.2514
132.0781
110.2120
123.3850
119.3331
107.1346
121.1370
112.9638
117.9409
111.7521
127.2719
96.5948
114.6265
113.1264
110.9260
120.9145
115.8719
115.8375
122.3864
121.4068
132.6294
110.7715
113.1079
115.5216
116.2056
135.0726
125.9981
118.5532
125.8382
139.0522
142.0146
132.8108
123.3769
144.3437
116.2282
104.8236
115.0567
114.4963
114.5517
114.8442
124.6179
106.1846
103.2021
119.9733
95.5707
121.4392
103.5570
105.7582
103.3703
107.4921
125.8459
139.7377
108.0703
108.2595
117.0395
116.7060
108.7684
86.0091
121.7091
94.5351
94.5011
122.4552
117.4041
98.1921
111.4112
121.8592
122.0370
93.8598
112.5711
98.5013
97.2633
109.7545
112.9290
92.0350
119.3273
101.2903
121.8773
102.1575
97.1660
122.9975
106.4946
97.5120
102.8658
105.8987
103.2019
108.5505
101.4987
126.7354
104.6928
99.9292
119.4946
103.2557
129.7301
94.0738
111.9020
104.2146
119.2357
108.3915
119.2276
121.0194
93.5536
109.4962
119.5063
127.4034
131.9661
131.8710
118.5301
119.3224
136.6912
133.9766
124.2831
119.0063
148.0172
129.1123
134.7275
134.1953
125.8777
142.1672
113.9562
125.2445
144.7427
129.0424
146.3233
122.0729
113.1091
121.8324
114.2369
117.5339
87.8295
111.2760
105.2906
125.1057
116.8421
111.2565
120.2121
105.3625
119.8239
108.9274
109.5248
103.2174
108.9895
125.6923
106.4088
108.0908
100.1333
123.7905
121.8005
117.1817
81.2013
114.2000
123.4637
99.8805
113.5292
109.4164
107.3230
116.2652
103.6372
108.7298
111.8717
117.3532
105.1489
114.6499
105.7351
115.9730
112.7609
120.1414
114.6263
121.9869
127.5602
116.8063
106.7994
124.1677
122.2891
123.7453
121.9578
113.5532
133.3786
139.1728
109.7094
129.8657
122.1602
115.7752
113.0486
128.4342
107.9500
114.2284
124.3905
112.6080
125.2418
138.0146
103.3889
126.9010
136.5839
136.4198
129.7141
123.1690
134.8317
117.2982
115.7397
129.9484
126.8954
109.2625
128.6326
125.9850
120.5793
109.2990
114.7607
114.3133
109.3805
99.9373
138.7440
98.2523
124.0804
115.6836
84.7271
125.1157
121.3863
129.5835
137.3844
104.8523
121.7451
113.7033
106.1943
122.2401
119.7118
127.3262
112.8019
125.8233
132.6854
137.8095
121.7469
118.3733
113.0308
136.0505
127.3557
118.3845
121.6219
118.6343
136.7989
109.7774
124.9881
107.5565
117.5090
147.2743
136.3223
94.8341
112.5805
147.2361
122.7619
107.7399
133.1167
123.9665
129.7352
123.9492
115.7657
130.2702
113.2459
126.6516
135.8984
123.2471
112.5180
127.6092
124.5736
130.6301
147.6638
122.0859
129.5661
153.5713
150.6100
121.5872
128.7534
152.5191
113.9951
137.4063
141.4989
154.1802
100.4586
139.7684
120.7154
149.0337
135.5469
129.7072
136.8146
111.2261
117.8049
145.3475
104.6049
121.8261
133.1859
124.1309
111.7398
154.7754
119.1422
118.7270
121.4707
112.9853
111.5535
117.8266
140.5851
123.0724
115.2787
113.7312
125.5169
119.6586
129.8984
115.8481
132.0580
111.3260
124.5762
127.5475
104.6257
129.9192
115.9392
117.5608
121.2767
113.8627
139.5912
128.7682
128.7570
113.4004
108.9157
117.4007
130.9238
128.1934
117.6025
106.0434
123.0352
123.1352
139.6603
110.1150
125.8991
119.1152
132.3868
116.3862
109.1036
110.3847
127.8792
128.3338
133.6341
106.1925
132.7057
128.5210
118.7970
120.6262
135.3460
143.0835
123.3375
140.1850
130.0071
135.8292
134.7523
141.1105
142.0750
115.4264
121.4848
126.5637
140.5917
134.4905
128.6815
126.2052
124.5611
125.1724
154.5388
136.1386
150.3250
134.2153
139.0730
130.0744
159.8826
125.2533
143.0710
143.7155
125.0730
146.4443
128.2674
142.7610
129.5015
140.5059
141.3129
148.9201
140.5500
129.5478
139.1216
144.0719
136.9470
141.9551
134.4344
142.8616
124.2338
152.5073
143.6247
118.7470
124.2020
156.4733
130.7509
139.2803
133.8835
130.6091
142.4041
153.2026
131.3040
136.6352
146.8054
154.4654
134.0241
125.4553
122.8860
136.8777
114.8011
125.6140
144.1115
125.3306
134.1117
144.0474
119.0786
129.4622
129.6011
140.6853
129.8542
127.8690
145.3120
137.6663
138.1888
115.4971
111.8139
104.9339
97.6989
124.3749
108.8877
127.1338
123.3661
130.6181
112.8314
106.2830
127.3760
117.8785
130.8586
123.2628
105.2030
117.5221
117.8245
117.0310
115.1089
104.2668
122.6482
110.9140
121.2067
114.4039
126.4580
107.8606
117.3667
117.9049
119.8570
106.8704
116.2108
122.1082
115.6530
117.7433
113.7432
113.8951
113.3639
129.2989
116.6737
109.0233
111.3482
113.5402
111.7922
99.3616
113.5478
101.7908
110.2238
119.8364
110.6108
112.4405
105.9132
108.9345
120.3648
115.3549
101.3556
107.4417
114.1786
106.6579
122.1796
111.4618
105.7252
99.6169
102.3236
113.6758
105.5910
109.5761
88.9801
95.2499
94.3238
98.8813
94.7682
101.4570
101.0730
93.2126
106.9513
100.9696
95.3228
93.9448
103.9802
119.9862
122.6625
118.6288
124.7346
119.1233
144.2816
119.4219
113.1727
118.5578
132.3369
118.5480
131.5780
98.0929
132.1903
128.8142
100.0251
128.6110
131.6594
108.7789
115.7507
120.4202
138.3339
101.7170
109.5810
121.2756
106.3766
102.3214
99.9037
99.2556
118.2161
126.0388
113.8663
108.3275
92.7484
108.6224
114.2043
119.6217
119.0359
105.7737
100.7660
102.1844
100.9361
101.4702
103.5323
107.2829
116.2986
97.6005
107.1385
122.9708
99.3459
116.4604
120.1279
116.7764
114.4421
113.5486
108.8549
117.4399
102.7847
106.5354
123.8993
117.9933
114.4701
124.0427
117.3721
122.7735
115.8802
117.4666
107.8885
124.5788
113.2479
140.5156
108.9926
130.1295
93.9910
102.8175
114.3058
117.8612
125.7762
103.2359
109.0412
107.4893
89.2288
93.7749
111.1691
113.8530
122.4611
102.0036
102.0607
100.1486
101.0626
124.4038
102.8498
113.9437
123.5206
104.0998
111.2445
118.4894
101.5443
99.8275
112.3438
118.1843
122.1588
115.2174
95.8925
122.2472
106.7774
114.5161
121.8591
130.9387
119.2363
137.0742
100.5532
127.3607
128.1730
121.9393
110.5156
123.1688
119.9589
112.2643
117.3794
127.9462
118.1279
116.6046
118.9401
107.4114
119.3465
128.6697
118.2414
115.7809
119.8911
125.8200
111.5241
119.5882
114.6936
118.7514
127.2493
112.9182
130.2556
117.8185
108.9807
136.0646
126.4630
143.2143
138.3103
150.6814
124.7118
115.8066
153.6555
122.4609
112.0766
146.6627
143.2503
120.5697
154.9147
126.1946
133.7788
135.6266
128.6907
137.6886
134.8306
151.2618
144.1175
125.4423
154.2711
129.5207
144.8541
132.8371
137.6031
159.3982
164.8112
137.4748
150.4497
153.1942
139.7624
137.4767
167.0154
157.2842
132.6394
146.7026
143.9796
153.7221
148.7255
135.4874
152.8728
147.5873
161.6085
158.6051
143.3768
147.7607
139.4428
133.7653
157.9148
161.0225
130.7444
141.1897
152.9347
127.9005
134.1210
141.5548
145.5445
147.2387
124.9535
140.8435
145.9332
146.6864
106.6888
122.6715
125.6618
135.5921
139.7755
122.4171
144.7447
136.1986
135.1411
128.3463
134.4463
138.1682
134.7569
125.6301
136.0609
120.9826
111.3452
102.9843
105.6800
103.0051
99.5335
125.1031
109.0903
111.2020
110.9674
104.5447
105.8499
113.8709
123.2621
93.9519
118.9638
124.1176
111.6575
114.4803
105.7448
111.5326
102.2112
133.2528
120.2263
97.1793
107.6477
112.4644
126.5896
121.8254
96.1674
119.3682
126.8808
121.5842
111.8733
97.6184
111.9611
92.5818
119.2281
102.2764
121.6562
110.9290
102.1949
124.3005
118.2166
116.3362
111.9744
106.0860
123.7038
117.0150
117.7672
96.7890
129.1136
124.9942
125.8973
112.5628
127.2651
109.1348
118.9381
114.2407
114.8133
126.4097
133.2455
115.5617
123.8344
137.5132
133.0920
142.8387
134.3361
107.8875
131.7032
126.9517
126.1406
123.9478
137.4565
139.3423
129.8097
123.2394
125.8869
146.0295
130.0332
125.2675
119.0249
102.2671
116.7278
126.9752
109.9152
114.2265
115.0093
103.4524
131.4595
113.4845
130.5390
97.5844
104.6118
112.1843
114.3464
114.9312
97.3937
116.0539
103.5415
105.5002
122.7109
120.8154
105.2663
110.3629
112.5712
126.4460
106.2574
113.4276
118.0429
122.1950
116.4713
99.0839
104.1756
118.0657
123.0870
99.3154
110.9526
110.1746
115.1358
115.3720
141.5005
123.8046
119.0168
123.4641
129.9682
143.6067
136.0874
137.1278
135.3489
144.8450
126.4819
107.7289
124.6659
132.2609
120.2408
121.1178
126.9529
133.1410
138.9272
125.6148
129.7771
136.2241
119.8339
146.0674
129.4437
133.9423
112.2732
134.0385
125.9849
123.1856
117.0167
120.8171
116.6581
117.2287
111.7792
123.8137
135.7089
131.5930
126.4781
135.6756
149.0968
126.6447
125.6766
122.1849
126.2774
141.8070
104.8667
124.7018
134.4693
106.0419
136.2497
152.6386
131.7252
122.2819
111.5955
142.9064
132.6227
117.9365
135.4625
127.1384
113.9732
110.2565
120.7332
131.9710
123.0182
119.4888
148.2141
133.4755
119.7375
146.3782
122.4023
125.5115
129.3453
126.6096
132.2873
136.1462
92.2315
131.9500
140.0280
124.1758
113.7148
120.4381
102.5497
127.0873
109.1873
121.8080
118.0120
115.7759
117.3615
119.5819
103.2650
107.6034
112.5946
111.4563
108.0339
104.9346
97.8763
94.7013
99.0495
108.6077
92.4695
94.7580
99.0879
98.1936
110.6888
100.3660
100.8168
100.7833
128.3598
105.6120
101.2032
103.6781
106.9001
107.6318
93.8054
91.7978
95.1923
131.2866
90.7437
115.1692
115.6260
126.6661
136.5603
104.9137
137.4535
124.2534
134.6546
137.4723
123.7818
113.9690
132.8203
141.5139
127.5821
123.8962
111.7754
126.2896
109.5383
114.9258
121.4161
128.3914
148.3545
123.2472
130.1507
128.7259
124.7609
138.2668
122.9909
137.2583
132.8841
121.2325
143.0031
140.5059
126.0177
137.0196
134.4850
140.4664
121.4759
115.0589
144.9710
140.0455
130.6001
128.4407
111.9162
150.0875
120.7010
139.2942
140.2413
140.3645
125.2194
123.3699
132.2642
154.2611
123.7588
129.9787
139.2390
129.0715
132.0087
149.6895
150.8573
159.7471
169.8843
146.7867
148.9296
141.5885
133.9266
154.7251
148.2544
154.4151
145.1863
146.1709
152.9648
150.3813
135.2162
159.6190
154.8818
140.7730
135.5921
169.3246
135.6818
163.0363
136.4032
157.7804
134.4331
161.8939
135.5207
154.9400
136.6852
147.8375
142.9838
128.1080
152.5678
141.5520
152.0609
138.9137
147.3912
140.9525
135.9082
134.6713
145.6046
128.3638
140.0128
136.1631
127.8683
134.7218
137.6296
119.5767
131.8853
120.4759
129.4491
135.1845
135.7903
127.1364
122.6148
138.6059
121.0580
122.5263
134.6419
143.5791
118.1470
130.9137
122.9947
162.8668
141.5424
139.6869
132.0664
127.8566
123.3161
147.0145
143.7210
124.3801
133.2397
141.4663
140.3077
146.5101
143.0697
119.9768
139.9006
135.8606
131.8412
145.9104
136.5016
147.7955
129.5379
128.5261
130.4531
145.8851
156.9798
136.0096
134.6796
145.3186
116.9371
131.1892
131.4228
132.3622
136.9231
124.3826
142.3971
134.1806
140.6809
131.6115
122.5574
128.0401
152.1152
123.0868
137.1767
157.0533
136.2178
135.4530
123.6144
122.9115
129.4557
138.2823
133.7204
152.2419
148.6179
134.4291
119.8124
142.8252
123.7011
146.4497
122.6507
111.2210
127.2061
117.6156
139.6937
134.7575
125.5512
129.2812
130.3854
125.4128
124.9444
148.5833
133.7672
105.5977
112.0066
143.5846
105.2544
126.2232
148.7535
120.7100
134.4773
115.3252
114.6867
130.5411
126.6815
118.4689
120.8304
120.7554
129.5141
120.5058
122.4218
118.3543
132.0415
130.2598
130.3277
112.4344
132.0143
106.7033
124.4043
134.4254
126.4671
127.3688
128.1569
119.3150
115.1880
128.7308
116.8153
113.4812
132.8747
123.5969
121.7771
131.9609
131.6743
137.1667
119.0639
120.2212
117.9302
127.8929
138.4807
113.7122
120.0108
110.8605
115.3331
118.0160
104.4524
110.3138
113.4857
111.7957
130.0735
124.4527
103.7656
123.8200
126.2370
117.0781
121.7540
113.8384
103.0952
106.2384
116.7387
125.4718
127.4391
114.0958
142.9344
111.8891
132.1927
140.7388
127.7541
114.8907
142.6280
112.4972
151.3279
121.4759
126.1270
126.8293
125.6201
134.6394
137.4830
118.8328
133.7289
114.2732
89.7188
101.0136
110.5128
103.4130
121.0489
94.4282
88.5364
106.9408
115.9078
77.6618
120.4358
96.3008
88.1685
103.7694
99.6523
99.9834
118.8360
99.5967
119.2390
114.1685
120.8380
112.5815
136.6156
110.7889
125.7168
115.9424
115.8412
128.0999
115.1100
140.8982
138.0159
121.6173
120.5774
127.7975
118.3050
126.6006
112.8521
127.0353
122.0798
108.9333
132.4414
128.1199
143.0052
121.6003
131.1931
114.9732
124.0147
134.2159
120.9757
133.3830
132.8529
124.8528
150.1930
117.3503
139.2571
135.6902
124.4050
151.3773
113.5012
120.5579
105.4658
137.5311
139.1340
113.0382
129.7097
127.0463
140.4735
137.9757
103.4566
135.6297
138.5669
132.6210
134.4726
118.5707
118.0436
121.2772
130.8632
129.5071
124.5295
109.0648
114.8848
127.4025
119.1450
126.6709
120.2800
105.0698
119.4045
123.7870
111.4281
110.0444
152.1014
115.8913
124.6426
132.0328
119.8953
129.0145
132.2672
121.5457
115.6137
114.3985
139.3165
140.4259
131.5059
126.2400
146.4611
150.6795
125.5263
137.8755
155.1419
141.2920
123.3797
139.1822
107.7382
113.9124
141.5726
119.7781
138.3016
142.0601
123.7627
140.3481
114.5944
114.2046
131.8570
107.6797
125.4249
119.1217
94.8407
110.2674
131.7783
111.3217
120.5319
125.2945
113.5176
101.7967
110.6568
115.8348
129.6418
112.2803
128.6082
118.8756
138.0463
139.9026
143.6137
114.3654
138.9293
137.8520
139.2702
134.8176
141.8128
142.8410
141.6842
145.6180
131.1470
138.7092
141.0439
127.9315
141.1381
145.4902
127.1274
147.6281
114.8393
133.5634
138.2253
103.4944
129.9808
123.4316
108.6474
139.3439
120.6973
125.5491
133.2774
118.1828
107.3212
124.6713
116.5981
113.1355
130.7046
102.5923
139.3085
130.5210
122.7706
113.3331
120.8101
113.5167
88.7539
130.6414
116.4369
116.6795
125.9082
128.7999
115.2958
94.9253
115.0096
127.1283
122.0710
102.0374
108.5124
111.4703
114.7654
120.6332
146.6455
117.8803
134.3794
112.3394
111.6635
132.9236
125.6156
128.8722
144.3231
129.5487
141.5856
111.4614
138.4416
143.8335
125.9687
126.1425
139.0175
130.1750
128.5036
130.2631
136.9766
103.0619
130.9971
142.6008
113.3340
132.7751
133.1754
131.2661
139.5943
131.5675
116.0321
130.8219
114.9824
134.2713
130.6729
134.3123
129.5981
123.5902
142.3584
124.5251
124.7162
132.8955
131.1776
109.3446
115.7109
135.6064
138.9518
128.6016
103.8377
114.7469
127.5119
132.3387
139.8138
112.0461
118.0280
136.5929
128.2077
116.5556
105.9399
102.7759
107.8335
112.4444
120.9631
105.7529
122.1528
114.9598
106.1447
100.1293
126.2197
106.2371
109.1809
118.5227
105.3893
121.0434
94.8867
108.9162
98.1751
119.8138
112.0696
120.3836
140.9910
130.0891
113.7557
132.5740
99.8125
114.6406
121.5638
136.0682
119.7376
127.4388
124.2439
116.3687
113.7193
124.9417
122.8286
121.2002
119.0418
120.5827
108.7916
106.9177
111.2948
115.6973
113.9290
110.5494
113.4069
123.4486
114.8752
99.6342
104.4058
105.3334
132.6210
110.5921
101.5187
116.9695
117.6902
123.1464
112.1630
119.8035
127.2054
114.4868
130.0103
135.5425
125.4401
138.3773
117.4188
123.4401
116.2458
113.6844
127.4840
124.2656
120.2421
134.0029
126.8191
122.9596
133.8941
127.7200
139.4578
121.3387
137.6351
130.7547
154.6426
137.3372
157.0147
122.3857
141.1683
136.0964
141.1163
133.9210
125.3663
125.6522
126.7032
131.8370
148.8718
136.9362
137.9368
134.8808
129.0259
141.2792
135.7022
153.2696
137.7339
130.5369
134.4740
134.7323
129.7673
157.3575
144.2150
127.4807
137.5974
138.1542
114.7724
130.3817
126.2504
135.2507
137.9027
126.2119
144.5777
161.3912
125.5223
121.1158
129.7481
130.1250
121.9442
122.7148
108.1458
108.4616
146.3427
120.8774
105.3530
126.0043
116.5564
122.1017
128.9182
129.7958
131.7995
116.7986
119.9707
127.5119
132.3600
127.1311
109.7760
126.2775
116.2215
104.3493
100.9828
123.8149
146.1416
130.3874
112.2154
130.4327
145.8617
110.1180
105.3562
139.8769
116.9675
123.0165
120.5119
125.0171
126.6208
124.2653
124.6035
135.5574
119.3918
97.3457
115.8122
117.8407
103.9364
120.6735
113.2641
112.3873
119.3292
125.1116
132.1622
100.2643
128.0141
129.1413
111.6602
109.9085
124.1809
121.7847
138.8056
130.8140
107.9960
145.7578
140.3598
146.1703
149.0849
156.6377
111.8991
125.4356
143.9191
128.6971
125.4416
122.5975
111.3379
150.9113
136.5828
127.7836
130.9945
153.9406
132.2253
137.4967
131.6881
134.5275
96.0661
146.6916
125.8260
129.9099
135.6115
127.4008
130.6013
140.8915
116.8447
146.3792
148.4206
119.6411
141.8333
120.2253
144.3289
131.8763
120.0890
108.9771
122.2189
118.5598
117.7644
129.6240
114.7105
141.9012
119.7783
113.4363
124.5281
123.7247
116.5572
122.0325
129.4622
112.4329
125.0118
126.1632
109.5319
126.5253
119.1213
107.7221
130.2651
113.4015
100.6974
118.9745
114.9278
129.8825
108.7545
100.7709
113.2834
126.4028
115.8311
113.2613
126.2048
76.1704
121.3793
105.5506
89.0187
119.2581
169.7429
131.8654
140.1513
123.0513
140.7982
136.4170
137.0241
150.7741
156.3218
135.2922
138.6986
136.4467
123.8550
133.2448
143.2336
136.1574
128.4923
150.6777
125.4582
135.0976
131.4159
140.8696
122.1448
132.8694
142.2130
132.9156
132.2636
138.8309
140.0786
146.2594
156.4683
151.9972
128.9752
130.8678
129.8976
134.9291
148.8744
145.4268
143.7483
135.6199
106.9942
122.9104
103.6138
107.2750
112.3518
104.9568
130.4133
123.4200
109.9154
117.2458
129.9636
129.9923
121.0592
111.9153
117.2975
105.5242
115.4558
123.2135
116.9497
123.5137
132.4496
113.7956
119.8702
131.8594
149.7987
97.8892
145.5294
138.7877
114.9319
103.9167
134.9752
113.5839
141.3888
152.1056
113.9439
132.7498
127.9270
133.0862
107.1739
124.8883
100.8197
124.4043
114.8294
110.8090
124.6279
141.0702
133.5068
104.2750
130.1757
102.8313
104.5399
120.0167
122.0459
119.5567
131.6360
118.5530
106.6292
112.8846
102.8111
131.3303
114.8171
127.2510
120.2557
135.2675
103.6029
117.9553
130.2005
120.5610
140.5792
138.1642
147.7544
141.3121
135.3742
134.1012
129.5157
117.8673
141.4510
141.6058
127.9027
139.8098
123.0710
143.3610
131.4001
143.5089
169.1515
148.7871
146.0499
150.1912
139.9718
148.1259
139.8401
152.7377
156.8852
151.5027
163.4448
149.8012
144.7984
152.0224
161.0433
137.9958
124.1188
131.2752
133.9693
138.8749
134.4401
117.4673
116.1692
127.0192
122.9377
117.8476
130.0348
114.3299
125.5428
108.1317
132.6850
123.8973
113.4003
127.4770
121.1495
124.3005
129.8930
103.1122
118.0309
115.7334
111.5019
109.5267
123.7144
126.3461
115.8354
120.9783
132.7137
106.4345
120.7427
135.0514
127.8600
123.4407
117.9121
132.1757
127.1018
115.2656
111.9262
103.3768
117.4306
124.8970
116.8333
119.6958
113.2000
126.8350
122.6744
111.1783
116.0220
127.6048
121.7153
124.0202
117.6131
103.3840
124.3154
137.6771
132.4629
130.9300
123.2887
149.3764
144.1400
134.3772
128.8974
115.8182
151.9662
131.3902
118.3371
123.6063
125.7062
127.3099
131.3296
148.1239
140.3488
121.1263
117.2023
130.9802
131.5715
126.3466
123.4713
115.1427
122.3205
115.5906
123.7710
131.8974
105.6941
129.1344
100.7167
134.2690
120.3489
108.5984
145.1693
112.5702
121.1610
133.3144
123.3735
144.9444
123.7710
118.3658
113.6997
123.8461
117.3916
133.3885
132.6107
116.9601
119.4230
125.1139
107.3588
119.9007
113.2937
129.2472
131.2281
125.4962
121.5783
114.0797
129.5054
135.3716
96.9553
126.7299
129.6017
131.0781
118.3514
141.9894
126.5666
129.1025
121.1492
138.5392
112.8858
121.2794
110.9606
117.2828
123.3971
117.8477
130.2935
133.7857
104.1077
128.7249
116.4204
115.2880
116.8240
125.8645
119.0193
130.0989
120.6000
118.7424
113.0453
132.2108
124.1564
122.9508
120.4537
125.1176
125.0570
123.9782
115.1864
144.6735
128.1561
118.1401
115.7923
126.0504
131.7337
139.0630
134.6734
134.4557
134.4879
125.1321
109.0596
141.6457
137.6218
119.2959
122.6817
129.6114
117.2305
126.9653
146.2543
132.3748
129.5867
126.8563
126.7877
140.3179
150.5918
128.3421
142.7803
115.0730
129.4570
152.2808
131.6831
122.7277
157.8403
136.6023
131.0958
120.1459
143.9315
131.2433
123.8943
141.0453
119.7234
135.5577
129.2462
148.2974
125.9472
132.8663
126.3960
147.5821
138.0512
133.0526
126.6564
135.0282
106.4440
139.7496
141.6809
146.1405
124.4927
117.2046
146.4319
127.0024
129.6346
133.1658
128.6270
125.3436
121.6419
119.4880
120.1083
120.7837
108.8435
130.1630
125.1472
103.9573
111.2712
120.6989
122.6205
116.0862
108.7210
115.9016
120.5415
115.0396
100.8107
126.0397
93.2502
128.5363
117.7415
127.5199
128.0811
123.8230
124.2162
138.0112
144.5699
142.0145
131.9537
129.1705
150.5535
122.9753
141.1977
133.3430
121.1483
119.8236
128.1284
112.3401
128.1332
157.2807
139.0632
133.1773
126.2082
129.3241
123.7722
124.2870
155.6610
138.3768
130.5896
128.4435
139.9464
137.6784
135.7973
143.7855
126.5585
129.0059
133.9550
136.0529
121.5215
129.7965
133.6600
120.9952
144.9639
108.4500
133.0119
125.3112
112.5449
147.2464
129.9887
131.3216
135.6077
114.1268
126.6204
107.2334
128.7373
146.2709
118.9912
137.5586
118.5875
149.0130
128.0432
122.3561
145.1521
135.6911
162.6393
144.1004
144.1606
145.5437
141.0642
131.1789
143.7713
143.1143
129.5565
148.3815
132.0242
126.4530
161.2991
138.5296
141.7417
125.8215
118.2620
140.6326
143.5692
123.0969
135.7094
142.6433
117.9663
124.1399
119.2346
116.8385
121.3387
129.8668
118.6922
129.3240
103.3385
141.1227
144.2959
119.6514
121.2254
115.7087
111.8333
123.0899
126.9900
112.2785
117.3417
132.7625
111.4857
120.3638
108.6989
119.9081
109.7887
121.1539
120.7792
131.7323
129.9980
120.3173
104.1591
138.1555
144.4009
129.8993
139.2000
159.1951
116.1365
130.4601
135.1505
130.6803
135.7165
114.1054
139.8578
134.3855
123.9394
129.4479
148.2645
127.6332
143.5510
128.0741
102.7113
125.3877
125.1018
112.8889
111.9400
120.8041
105.9641
98.1246
105.8545
119.1030
119.1296
114.5465
87.3989
110.3368
111.7086
103.1108
116.2642
126.6782
114.3409
102.7851
113.3246
105.4314
109.6175
129.5411
138.6346
107.0935
134.1893
143.8161
140.1122
132.1640
115.8652
135.0730
124.7717
132.0546
134.5885
128.9210
134.4495
129.4897
130.1252
130.4485
142.1425
122.8800
124.7388
126.8640
109.7447
114.2737
125.5624
113.9401
137.9890
109.1258
108.7180
143.2972
142.7923
107.6605
118.5144
132.5145
113.8867
126.6443
118.6706
122.9951
118.5115
114.4455
127.4665
120.6246
120.9091
125.6431
106.0953
102.7703
116.7422
115.7541
121.8515
90.4129
131.5542
113.4450
105.1763
127.6684
116.1720
140.1564
106.5175
125.2297
111.4369
112.6725
122.1277
138.4423
136.6006
152.2404
133.0611
130.2345
144.2663
145.2919
135.8706
136.2571
127.8865
146.3240
152.8496
128.5733
132.9704
139.6190
139.7690
140.6014
144.9099
118.9310
167.4280
146.2354
157.2065
141.3475
150.3399
166.8554
140.8636
146.3256
149.2781
129.0348
127.3703
164.6772
155.9406
152.7180
140.5593
155.2319
146.6238
153.2240
160.1793
144.6992
146.5181
152.6569
143.2799
122.9459
131.2120
155.8952
144.6729
139.1344
141.3609
129.2643
128.5979
141.1996
124.8633
124.3426
125.8694
127.2581
137.1185
139.7972
111.9873
137.8965
119.9259
115.2130
135.8902
102.6349
103.0750
134.7741
113.3957
116.4625
115.5416
133.9023
120.6290
97.7022
124.9599
124.3402
115.5740
126.4627
129.4405
125.8533
110.3197
122.8183
116.3130
95.3248
94.2843
135.1395
112.6923
104.3596
107.9828
110.9216
105.0398
118.9008
122.1834
117.0438
121.0312
110.8607
132.6873
134.0394
132.9374
138.5629
118.9899
113.7423
123.7468
113.4840
129.3289
153.6071
122.1903
145.3837
130.4545
143.7941
123.4449
132.7676
137.5331
129.6410
141.8109
128.2503
131.6526
119.8238
117.6914
137.2361
124.6369
127.4726
119.1630
133.8346
148.6831
107.1244
117.6894
138.0964
132.3917
138.3421
114.6090
123.4395
124.4857
122.1381
125.8457
137.3181
122.3868
136.8188
144.6556
131.1217
141.4299
130.4755
123.1749
156.0921
132.3492
165.2983
153.9498
163.4253
148.3995
153.7057
154.5014
146.8447
149.1896
154.6283
147.9752
169.5687
122.6892
159.9593
149.7339
164.7895
149.2742
135.0561
162.5946
159.0242
125.4983
15.5634
