372.3146
373.8871
373.6167
373.3580
373.4758
373.6023
373.3893
373.3255
373.4667
373.6134
373.4947
373.4304
373.3580
373.3087
373.6623
373.5323
373.3160
373.5311
373.4249
373.4437
373.5738
384.8111
384.5987
384.8420
384.6977
384.8694
384.6145
384.4955
384.8292
384.7586
384.6805
384.7518
384.5958
384.7021
384.7828
384.6216
384.6176
384.7757
384.7166
384.6729
384.7596
341.1697
341.1230
341.1347
340.9889
341.2604
341.1374
341.0874
341.2315
341.0661
341.0171
341.2700
341.0810
340.9683
341.2320
341.2328
341.1206
341.1098
341.1789
341.1460
341.1643
358.3062
358.3693
358.1960
358.2615
358.3853
358.3475
358.3259
358.2916
358.4982
358.1905
358.2351
358.4319
358.3104
358.2159
358.1082
358.2869
358.4304
358.3973
358.2742
358.2800
371.7956
371.6791
371.6401
371.6920
371.7058
371.5815
371.7081
371.8983
371.6800
371.4712
371.8607
371.6572
371.7301
371.7872
371.5070
371.8955
371.6005
371.6598
371.8717
371.4598
346.5244
346.5958
346.3347
346.3336
346.4996
346.5355
346.3414
346.3313
346.5726
346.5178
346.3571
346.4567
346.4550
346.4325
346.4410
346.3386
346.5377
346.4801
346.3982
346.5057
372.3486
372.1088
372.5800
372.3508
372.1681
372.4502
372.3071
372.3221
372.3221
372.3454
372.2150
372.4036
372.4171
372.3781
372.3042
372.2729
372.4270
372.3257
372.3835
372.2569
343.7808
343.8715
343.8690
343.7201
343.7927
343.8889
343.7522
343.8897
343.8261
343.7716
343.8723
343.8404
343.7550
343.9108
343.8213
343.7969
343.8184
343.8760
343.8356
343.8528
364.4820
364.3577
364.2701
364.3272
364.3809
364.2843
364.3227
364.4121
364.4585
364.2058
364.2037
364.4727
364.2919
364.2975
364.3662
364.3445
364.2731
364.3906
364.2647
364.4026
370.0181
370.1282
370.0324
369.9135
370.1425
370.0854
370.1317
369.9112
370.0542
370.2611
369.9376
369.9795
370.0724
369.9396
370.1652
370.1874
369.7946
370.0995
370.2146
369.9711
356.9281
356.9452
356.8875
356.7791
356.8997
356.9575
356.7512
356.9410
356.9304
356.8624
356.7542
356.9904
356.7648
356.8964
356.8596
356.8701
356.8632
357.0176
356.6824
357.0840
406.1791
406.4124
406.1036
406.2809
406.2999
406.0551
406.2689
406.3076
406.3120
406.2580
406.2315
406.2775
406.2716
406.2470
406.1996
406.1434
406.3166
406.1426
406.2453
406.2206
377.1496
377.2180
377.2178
377.2462
376.9451
377.3769
377.2214
377.0293
377.3879
377.2580
377.1511
377.2778
377.1699
377.2241
377.3665
377.1151
377.1185
377.2150
377.3888
377.2108
363.6805
363.6703
363.6153
363.7598
363.7304
363.6180
363.6969
363.7312
363.6550
363.6882
363.5773
363.8033
363.6615
363.5706
363.6338
363.6659
363.8154
363.6996
363.5706
363.7814
336.3035
336.2455
336.0332
336.2544
336.2237
336.0016
336.1672
336.2862
336.1530
336.1016
336.2045
336.1214
336.1846
336.2632
336.2292
336.1848
336.1145
336.1289
336.1456
336.1445
322.8467
322.7262
322.8978
322.8165
322.8866
322.8384
322.8192
322.8933
322.8455
322.8117
322.8900
322.8289
322.8770
322.8904
322.6657
322.9307
322.9189
322.6591
322.8319
322.9239
336.2291
336.0368
336.3350
336.2630
336.1432
336.2186
336.2212
336.2146
336.2304
336.2052
336.0867
336.2569
336.2471
335.9213
336.3349
336.3539
335.9402
336.3059
336.3622
335.9680
308.9048
308.7974
308.8396
308.8864
308.9581
308.7804
308.8481
309.0022
308.8947
308.8288
308.7390
308.8659
308.9895
308.9284
308.7757
308.7969
308.9375
308.8279
308.9462
308.8279
345.7730
345.9379
345.8718
345.7638
345.8794
345.9592
345.8360
345.8252
345.9025
345.8828
345.9036
346.0348
345.8118
345.7679
345.7610
346.0649
345.9473
345.6479
345.9464
345.9138
359.6855
359.6095
359.7062
359.8700
359.6438
359.6230
359.9466
359.6683
359.5052
359.9354
359.8032
359.4284
359.7967
359.7616
359.6640
359.7366
359.7823
359.6854
359.8191
359.6257
350.4886
350.5920
350.5592
350.5418
350.6121
350.4940
350.5342
350.6337
350.5739
350.4961
350.6310
350.3950
350.6357
350.6570
350.4676
350.5235
350.6099
350.5521
350.5570
350.5225
321.3873
321.3102
321.4678
321.4215
321.3279
321.4735
321.3189
321.4393
321.4518
321.1799
321.5817
321.4486
321.2380
321.5125
321.3450
321.4034
321.3737
321.3607
321.4751
321.3806
328.6039
328.5360
328.6898
328.4896
328.5308
328.6807
328.5989
328.5956
328.3711
328.5386
328.6933
328.5978
328.5049
328.7752
328.5190
328.5001
328.7159
328.5388
328.5369
328.6431
348.1809
348.0008
347.8927
348.0416
347.9843
348.0022
348.0494
347.9625
348.0969
348.1169
348.0839
348.0269
348.0351
348.2211
347.9992
347.9527
347.9789
348.1035
348.0561
348.0927
334.7587
334.6230
334.6817
334.7497
334.6828
334.5995
334.7902
334.6748
334.7805
334.5816
334.6055
334.8397
334.7236
334.5704
334.7035
334.7490
334.7821
334.6315
334.6643
334.7518
334.0610
334.3959
334.2019
334.0601
334.1877
334.1659
334.1642
334.1846
334.2047
334.2395
334.1443
334.2080
334.3134
334.1497
334.1493
334.1816
334.0447
334.3157
334.1970
334.1320
354.1465
354.1235
354.3173
354.1190
354.0595
354.2774
354.1811
354.1981
354.1505
354.1102
354.2928
354.0895
354.2255
354.2540
353.9165
354.2119
354.3538
353.9022
354.1789
354.2701
342.5071
342.4773
342.6029
342.4172
342.4697
342.6253
342.5046
342.4737
342.4887
342.6813
342.3989
342.4111
342.5267
342.5433
342.4805
342.5550
342.4797
342.5450
342.4755
342.5569
374.8262
374.8728
374.6020
374.7569
374.8238
374.6938
374.8559
374.8226
374.7334
374.8863
374.8271
374.6698
374.7776
374.6586
374.7418
374.7930
374.8748
374.7558
374.6799
374.7996
389.9293
390.0641
390.1824
390.0043
389.8663
390.0337
390.0126
390.0159
390.0576
390.0517
389.8497
389.9873
390.0730
389.9541
389.9869
389.9016
390.2297
390.0809
389.8549
390.0902
380.2235
380.0603
380.1503
380.1898
380.1639
379.9768
380.2568
380.1751
380.1078
380.1713
380.1255
380.1706
380.2104
380.1689
380.2704
380.2051
379.9484
380.2623
380.2301
380.1032
394.9132
394.9233
394.9947
394.8616
394.8015
395.0381
394.9763
394.8379
395.0249
394.9146
394.8291
395.0982
394.8676
394.8105
395.0282
394.9898
394.8125
394.9505
394.9907
394.7753
358.1196
358.1194
357.8562
358.1249
358.0958
358.0092
358.1166
357.9700
357.9701
357.9339
358.0737
358.0062
357.9740
358.1175
358.0011
358.1186
358.0446
357.9847
358.1565
357.9237
333.8541
333.6542
333.6977
333.7357
333.5764
333.8296
333.7831
333.6141
333.6294
333.8980
333.7612
333.6211
333.7053
333.7653
333.7934
333.6062
333.8432
333.7307
333.6558
333.7570
326.2373
326.2049
326.1404
326.2199
326.0853
326.2956
326.1707
326.0889
326.1745
326.2917
326.1245
326.0184
326.4115
326.0903
326.0271
326.3378
326.1249
326.1374
326.0987
326.0705
358.6706
358.6648
358.5529
358.4845
358.7712
358.5114
358.6651
358.5157
358.6538
358.5991
358.4317
358.5323
358.6155
358.4643
358.6482
358.7184
358.4737
358.4958
358.5962
358.6949
342.2448
342.3578
342.4421
342.3516
342.4238
342.4407
342.4872
342.3488
342.2862
342.5666
342.3134
342.2349
342.4610
342.2759
342.5718
342.2409
342.3877
342.5066
342.3876
342.4068
364.5206
364.6514
364.6111
364.5360
364.6661
364.6103
364.6830
364.4870
364.6603
364.8158
364.5062
364.5910
364.4891
364.7392
364.7295
364.3198
364.6713
364.7733
364.4370
364.5781
341.9152
342.0295
341.8899
341.9583
342.1048
341.8526
341.9827
341.9470
341.9434
341.8985
341.9854
341.9845
341.9034
341.9265
342.0042
341.9914
341.8348
342.0073
341.9392
341.9580
328.0863
328.3365
328.3275
328.0826
328.3474
328.3725
328.1025
328.2713
328.3389
328.2166
328.2317
328.1295
328.1581
328.3763
328.2706
328.2412
328.1573
328.2364
328.3320
328.3276
353.0505
352.9517
352.7297
352.8240
352.9060
353.0876
352.9532
352.6587
353.0294
353.0999
352.6555
352.9817
352.9254
352.8545
353.0281
352.8828
352.8544
352.8974
353.0194
353.0172
350.7883
350.8323
350.7849
350.8243
350.6799
350.9816
350.8988
350.7394
350.8459
350.7172
350.8941
350.7805
350.7600
350.9925
350.7057
350.7666
350.7195
350.8395
350.8770
350.7379
321.8743
322.0970
322.1439
322.0026
322.0721
322.0015
322.0559
322.1366
321.9275
321.9235
322.1757
322.0161
321.8548
322.1155
321.9595
322.0740
321.9677
321.8663
322.0616
322.0626
314.7784
314.5755
314.7185
314.7114
314.7738
314.6966
314.6679
314.7922
314.8910
314.6672
314.6099
314.8062
314.6990
314.6818
314.8104
314.7156
314.7359
314.6718
314.7165
314.7618
318.2503
318.2345
318.1409
318.2165
318.3770
318.2149
318.0651
318.3331
318.2598
318.1571
318.0506
318.3168
318.3236
318.0875
318.0608
318.4274
318.3658
317.9004
318.1943
318.3532
348.0171
348.0463
348.1841
348.1501
348.1861
347.9886
348.0807
348.2501
347.9258
348.2014
348.1601
348.1849
348.0936
347.9940
348.2697
348.3022
347.9704
348.2419
348.1115
348.1548
352.3880
352.3462
352.3963
352.4625
352.4497
352.3411
352.4201
352.3960
352.4023
352.4622
352.2804
352.3365
352.3397
352.4546
352.4391
352.3935
352.2505
352.2519
352.5529
352.3170
367.1800
366.9510
367.1928
367.3689
367.0696
367.0897
367.2217
367.2092
367.0783
367.1596
367.2969
367.1332
367.0540
367.2379
367.2233
367.1858
367.1006
367.1452
367.2520
367.3386
388.3136
388.4648
388.4103
388.5367
388.4247
388.4523
388.3525
388.4113
388.4787
388.5014
388.4597
388.5105
388.4328
388.2372
388.4250
388.5534
388.5373
388.3274
388.3816
388.5699
358.7613
358.8777
358.8786
358.6834
359.0256
358.7608
358.7375
358.8480
359.0202
358.7905
358.7533
358.7798
358.8581
358.7804
358.9548
358.8839
358.9077
358.7151
358.7937
358.9335
376.9530
377.0513
377.1604
376.6768
376.9091
377.2843
376.9108
376.6646
377.0513
377.0740
377.0071
376.8827
376.8137
376.9480
377.1110
377.0308
377.0791
376.8198
377.0262
377.0549
375.3429
375.2197
375.2994
375.3198
375.4436
375.2371
375.2352
375.2999
375.3535
375.1264
375.3677
375.3059
375.3077
375.2406
375.3966
375.2341
375.2545
375.3164
375.3410
375.2507
370.6589
370.3974
370.6004
370.7295
370.3847
370.6105
370.8798
370.5810
370.3520
370.7501
370.5905
370.6111
370.4414
370.5486
370.8291
370.6144
370.3409
370.5212
370.8092
370.4494
351.4897
351.3779
351.5373
351.4118
351.4683
351.6521
351.5312
351.4906
351.6022
351.4185
351.4963
351.3540
351.4674
351.6198
351.4692
351.4722
351.5211
351.6089
351.4158
351.3356
347.8413
347.8129
347.6244
347.7641
347.7746
347.7057
347.8002
347.8050
347.8088
347.5905
347.6728
347.8575
347.7005
347.6901
347.7419
347.8037
347.7256
347.6631
347.7253
347.6913
369.5496
369.6059
369.4516
369.5343
369.3522
369.6681
369.5659
369.3855
369.5408
369.6417
369.4759
369.4144
369.4372
369.5727
369.5364
369.4891
369.4309
369.5643
369.6105
369.3165
330.3592
330.6763
330.5034
330.6240
330.5376
330.3368
330.7729
330.5021
330.4460
330.5626
330.6621
330.3985
330.5182
330.6258
330.3658
330.5836
330.6667
330.5006
330.4556
330.5435
346.8875
346.9394
346.9144
346.8448
346.9917
346.8551
346.9681
346.8357
346.9910
346.9055
346.9494
346.8528
346.9866
346.9368
346.9411
346.7957
346.8280
347.1051
346.7810
346.9632
329.7322
329.6232
329.6575
329.7006
329.5486
329.4611
329.7850
329.6845
329.6688
329.5729
329.5782
329.7121
329.6774
329.5418
329.7464
329.6040
329.7005
329.6376
329.5279
329.7919
349.5132
349.7898
349.5640
349.6172
349.5630
349.5970
349.7195
349.6195
349.4291
349.7523
349.8084
349.4600
349.5426
349.7859
349.6307
349.5369
349.5610
349.7599
349.6280
349.5817
358.4974
358.5787
358.7412
358.5701
358.5312
358.4886
358.5722
358.6588
358.5195
358.6457
358.5844
358.4881
358.6435
358.4352
358.4317
358.7051
358.5712
358.4730
358.5995
358.3914
341.2527
341.3705
341.4357
341.1548
341.2480
341.3230
341.4519
341.3178
341.1598
341.4552
341.2915
341.2894
341.3362
341.3783
341.4103
341.2676
341.2765
341.4410
341.0687
341.4249
329.7712
329.9563
329.9869
329.8268
329.8972
329.9068
329.9995
330.0021
329.7914
329.9740
330.0099
329.7337
329.9884
330.1188
329.8535
329.8297
329.9129
330.0159
330.0312
329.7298
298.0353
298.0106
297.8895
297.9811
297.8860
297.9321
298.0614
297.7750
297.9894
298.0402
297.8386
297.9187
298.0366
297.9557
297.8116
297.8830
298.0484
298.0258
297.8667
297.8763
316.4417
316.6333
316.1945
316.4788
316.5559
316.1728
316.4854
316.5208
316.1904
316.3427
316.5259
316.4254
316.3072
316.3715
316.5584
316.3360
316.3443
316.4573
316.2875
316.5375
335.0345
335.1242
335.0405
335.0668
335.2087
335.1030
334.9919
335.2139
335.2930
334.9945
335.2043
335.1479
335.1243
335.1455
335.0818
335.1289
335.2338
335.1146
334.9973
335.2062
329.8799
329.7609
329.8674
329.8583
329.8486
329.9011
329.8020
329.7888
329.9184
329.9357
329.7131
329.8899
329.7972
329.8483
330.0168
329.6927
329.8183
329.9930
329.8194
329.9129
346.7529
346.6570
346.6489
346.7334
346.6538
346.6645
346.7063
346.6014
346.7733
346.6107
346.5431
346.9212
346.5779
346.5188
346.8482
346.5938
346.7776
346.6087
346.6714
346.7494
356.9799
356.7421
357.1614
356.9238
356.9230
356.9980
356.9576
357.0311
356.9291
356.9574
357.0313
356.8126
357.0430
356.8888
356.8884
357.0563
356.9145
356.9215
356.9654
356.9023
349.3607
349.1096
349.1750
349.2637
349.1679
349.2851
349.0718
349.1890
349.2685
349.1934
349.3623
349.0711
349.1593
349.4401
349.0650
349.1666
349.2058
349.1950
349.2299
349.2880
385.2536
385.1953
384.9260
385.2163
385.2820
385.1512
385.0283
385.1147
385.2820
385.0432
384.9906
385.1425
385.1557
385.0491
385.1682
385.2167
385.0501
385.1811
384.9985
385.1645
350.3988
350.3408
350.1147
350.3883
350.4569
350.2882
350.4688
350.2996
350.0755
350.4982
350.3352
350.2768
350.3262
350.2771
350.3320
350.5107
350.1829
350.2605
350.5085
350.3963
335.5399
335.6808
336.0401
335.5472
335.5741
335.6969
335.8069
335.8647
335.5944
335.7550
335.8997
335.6935
335.7808
335.7413
335.6932
335.6613
335.8862
335.6066
335.6360
335.9212
364.7989
364.8868
364.7391
364.5805
364.5435
365.1306
364.7696
364.5531
364.9128
364.8872
364.6401
364.7314
364.8338
364.7719
364.6496
364.7164
365.1722
364.7559
364.5139
364.8272
366.8186
366.6792
366.6802
366.9898
366.6690
366.6283
366.9653
366.7473
366.6663
366.7641
366.8465
366.8098
366.6592
366.7576
366.8321
366.7902
366.7651
366.8569
366.8910
366.7016
348.3145
348.3933
348.4242
348.2899
348.4187
348.2540
348.2502
348.4742
348.1948
348.4114
348.3554
348.2302
348.3561
348.2376
348.3891
348.4553
348.2490
348.3155
348.5018
348.0402
296.5212
296.5998
296.6204
296.4319
296.5519
296.6122
296.5598
296.5363
296.5709
296.6267
296.6287
296.4287
296.4717
296.6106
296.6010
296.5213
296.3980
296.6131
296.5484
296.5566
291.0532
290.9575
290.9454
290.9591
290.9485
290.9941
291.1427
291.0352
290.9573
290.7754
291.1937
291.1664
290.8230
290.9503
291.1386
291.0781
291.0187
290.7355
290.8985
291.1961
333.8144
333.7786
333.8091
333.7696
333.8693
333.6888
333.6904
334.0403
333.8289
333.8109
333.7884
333.7196
333.7477
334.0348
333.5664
333.9745
333.7312
333.5675
333.9077
333.7286
342.1263
342.0217
341.8806
342.2098
342.0455
342.0376
342.0359
341.9914
342.1477
341.9432
341.9972
342.2445
342.0393
341.9009
341.9064
342.1669
342.0887
342.1350
342.0481
342.0973
343.0789
343.0963
343.0772
343.2189
343.0560
342.9380
343.1501
343.1751
342.9748
343.1583
343.1220
342.9614
343.2465
343.0283
342.9939
343.2172
343.1171
342.9596
343.1433
343.0337
343.0893
342.9608
342.9122
343.0787
342.9796
343.0137
342.9703
342.8994
343.0697
343.1804
342.8454
343.0220
343.0436
343.0335
343.0674
342.8758
343.0828
343.1110
342.8881
343.0028
322.9615
323.0203
322.8835
322.9744
323.0149
322.9267
322.9268
322.9482
322.8213
322.9266
323.0147
322.9113
322.9011
322.9475
322.8779
323.0293
322.8231
322.8313
323.0225
322.9099
290.1414
290.0555
290.1249
290.0757
290.1318
289.9924
290.1418
290.2089
290.0937
290.0649
290.2453
290.0038
289.9323
290.2696
290.1235
289.9837
290.0654
290.1394
290.1722
289.9826
308.0425
307.9753
307.9923
307.8735
308.0500
308.0067
307.7992
307.9232
307.9829
308.0383
307.9117
307.9648
308.0472
307.8433
307.9342
308.0969
307.9114
307.9406
307.8429
308.0432
347.6006
347.7711
347.8509
347.7585
347.7896
347.7752
347.7266
347.8941
347.6931
347.7438
347.8285
347.8417
347.8077
347.7752
347.8079
347.8621
347.6763
347.8436
348.0186
347.6418
347.6314
347.7765
347.7473
347.6755
347.7418
347.6047
347.7314
347.7178
347.5408
347.7336
347.8410
347.4135
347.6980
347.9891
347.5656
347.5122
347.8004
347.7457
347.6783
347.6605
350.7943
350.9453
351.0774
350.9365
350.8784
350.9260
351.0790
350.8408
350.9515
351.0266
350.8309
350.9883
350.9579
350.9210
350.8583
351.0327
350.9765
351.0163
350.9076
350.8499
328.3670
328.1894
328.0737
328.2897
328.1364
328.0678
328.2433
328.2697
328.0753
328.3015
328.2334
328.1037
328.2508
328.2241
328.0652
328.3859
328.2653
328.1094
328.1610
328.2679
344.2288
344.1848
344.1624
344.2112
344.1075
344.3680
344.0971
344.2662
344.2350
344.2914
344.2422
344.1404
344.2770
344.1932
344.1946
344.2362
344.1820
344.2738
344.1462
344.1852
334.3354
334.1193
334.3797
334.2515
334.0559
334.4377
334.2425
334.0735
334.4439
334.1414
334.2022
334.4140
334.1174
334.2519
334.3085
334.1721
334.1793
334.3038
334.1332
334.2490
347.8343
347.5123
347.6049
347.7552
347.6848
347.5074
347.6442
347.7065
347.6603
347.5521
347.5856
347.8541
347.4384
347.6269
347.7353
347.6559
347.6971
347.6050
347.5711
347.6915
347.0830
347.0885
347.3013
347.1068
347.1766
347.1858
347.1846
347.1364
347.2238
347.2325
347.0507
347.0877
347.3504
347.1091
347.1034
347.1735
347.2397
347.1519
347.2143
347.0522
306.1585
306.2104
306.0312
305.9884
306.0870
306.1588
305.9677
306.0889
306.0197
306.1429
306.0892
305.9772
306.0964
306.0388
306.0671
306.1213
306.0883
306.0586
306.1148
306.0943
323.1295
323.0907
323.1147
323.0208
323.0485
323.0128
323.2095
323.0313
322.9306
323.2668
322.9492
323.0171
323.1089
322.9522
323.1269
323.1269
323.1075
323.0520
323.1506
323.0492
325.9897
325.6959
325.9299
325.9037
325.6475
325.9491
325.9427
325.6567
325.8065
325.8695
325.8709
325.8625
325.7838
325.7679
325.8451
325.8071
325.9990
325.8474
325.4846
325.8487
331.6565
331.5738
331.6071
331.7183
331.7276
331.6517
331.4951
331.7439
331.7664
331.7488
331.7017
331.4567
331.7810
331.7045
331.6159
331.7043
331.7629
331.6916
331.7419
331.6169
347.4055
347.5589
347.2737
347.3111
347.3990
347.4472
347.2621
347.3179
347.4768
347.3968
347.3774
347.4002
347.4742
347.3264
347.4647
347.3193
347.2048
347.4523
347.4516
347.4045
344.6852
344.9684
344.8471
344.7123
344.8480
344.8300
344.7796
344.7442
344.7942
344.7287
344.9781
344.7231
344.6086
344.8133
344.8993
344.9376
344.6755
344.6553
345.0592
344.7012
333.0214
333.0981
332.9376
332.9753
333.0205
332.9164
332.9854
332.8782
333.0330
333.1022
332.9496
332.9644
333.0317
333.0778
332.8266
332.8722
333.1362
333.0508
332.8613
333.0878
311.1664
311.2169
311.3017
311.3246
311.1155
311.3210
311.2659
311.1825
311.2771
311.1586
311.2092
311.4119
311.1876
311.2126
311.1696
311.2062
311.3047
311.2526
311.1504
311.2282
324.3176
324.2541
324.2286
324.2898
324.3422
324.2616
324.2390
324.3949
324.2321
324.1707
324.3348
324.2053
324.1963
324.4437
324.2831
324.2181
324.2939
324.3400
324.3828
324.1558
289.5647
289.4595
289.5085
289.5022
289.5716
289.2761
289.5370
289.6466
289.4282
289.2384
289.5748
289.5040
289.4326
289.5035
289.3410
289.4246
289.4817
289.5696
289.3752
289.4022
292.8103
292.6988
292.7546
292.5924
292.6598
292.6469
292.8586
292.6847
292.4814
292.7360
292.7548
292.6949
292.7454
292.5766
292.7590
292.6527
292.7392
292.6154
292.8275
292.6844
327.1545
327.2098
327.2266
327.3089
327.0333
327.3065
327.1924
327.2150
327.2362
326.9762
327.3129
327.2713
326.9868
327.1981
327.2859
326.9970
327.2796
327.2363
327.1037
327.3038
315.3639
315.3028
315.4365
315.3243
315.3581
315.2625
315.4602
315.4876
315.3011
315.2916
315.3980
315.4395
315.4628
315.3015
315.3371
315.4523
315.3177
315.4751
315.3535
315.2961
350.6621
350.8344
350.9608
350.7859
350.7343
350.9978
350.8836
350.8144
350.7927
350.8004
351.0004
350.7872
350.6824
350.9920
350.9558
350.7243
350.7731
350.9181
350.8891
350.9234
335.9777
336.0393
335.9106
336.0242
336.0566
335.9306
335.9678
336.0763
335.9796
336.0590
335.9847
335.9598
336.0960
336.0750
335.9333
336.0205
336.0613
336.0474
336.1211
335.9987
318.4538
318.6855
318.3241
318.4325
318.6543
318.3930
318.3558
318.5970
318.6167
318.2904
318.3599
318.5039
318.5394
318.4000
318.4151
318.5293
318.5862
318.2887
318.4188
318.5334
326.4875
326.4190
326.6975
326.6301
326.5383
326.6455
326.5123
326.6077
326.6006
326.6016
326.5214
326.6304
326.5445
326.7406
326.5663
326.5988
326.5518
326.5856
326.7037
326.5402
329.6935
329.6937
329.9055
329.7935
329.4669
329.9056
329.6982
329.6259
329.7066
329.7342
329.7262
329.7846
329.7516
329.6437
329.7502
329.7825
329.6166
329.7733
329.7513
329.6713
332.4029
332.4669
332.4301
332.5404
332.4394
332.3670
332.4356
332.4683
332.5419
332.4110
332.4641
332.3505
332.5361
332.4677
332.4653
332.3840
332.3548
332.5679
332.4090
332.4423
334.4575
334.5939
334.5577
334.4130
334.4936
334.5878
334.4396
334.7380
334.4177
334.3294
334.6324
334.6022
334.3467
334.5392
334.5462
334.3957
334.6524
334.4188
334.4518
334.5472
299.9303
299.6455
299.8704
299.8926
299.9363
299.9120
299.7031
299.7843
299.9902
299.8368
299.6847
299.8829
299.9285
299.8949
299.8585
299.7802
299.8133
299.9794
299.8385
299.8522
306.0207
306.1157
305.8578
305.9689
306.1044
305.9610
305.9561
306.0623
305.9123
306.0109
306.0025
305.9444
306.0050
306.0341
306.0331
305.9841
305.9429
305.9085
306.0040
306.1875
338.1497
337.9072
338.0121
338.1175
337.9769
338.0714
338.0881
338.0052
338.0898
338.0597
338.0634
338.0203
338.0459
338.0192
338.0403
338.0217
338.1774
338.0839
338.0292
338.0703
324.2371
324.0210
324.1789
324.2282
324.1274
324.1269
324.1447
324.2306
324.1403
324.1440
324.1741
324.0664
324.1777
324.2167
324.0593
324.1622
324.1222
324.1798
324.1220
324.1487
357.3730
357.2805
357.2972
357.2571
357.1973
357.3163
357.1266
357.2699
357.3176
357.1899
357.3279
357.1896
357.2918
357.1529
357.2756
357.2307
357.2529
357.1697
357.2768
357.2855
369.2172
369.0372
368.9627
369.3103
369.1717
369.0334
369.0764
369.3785
369.2104
368.9330
369.0758
369.3850
369.1241
368.9738
369.2256
369.1558
369.2092
369.0197
369.0513
369.3681
393.0442
392.8045
393.0788
392.8761
393.0103
393.0762
392.8732
393.0260
393.0485
392.7207
392.9721
393.0155
392.8403
392.9314
393.0476
392.8075
393.0238
392.9544
393.0041
392.9445
366.5093
366.5564
366.2982
366.5353
366.5282
366.5128
366.4107
366.5539
366.4646
366.1788
366.4984
366.6357
366.4995
366.3997
366.2404
366.7071
366.4599
366.2858
366.5667
366.5278
361.4290
361.2964
361.8322
361.6136
361.3586
361.4970
361.7681
361.5742
361.4060
361.5864
361.7520
361.5463
361.4124
361.5143
361.7047
361.5632
361.5077
361.5443
361.7195
361.5375
305.8774
305.8007
305.8886
305.8965
305.8757
305.8176
305.9081
305.7972
305.7955
305.9548
305.7570
305.8128
305.8415
305.7580
305.8963
305.9213
305.7415
305.9261
305.7998
305.8866
323.8571
323.7394
323.8199
323.9906
323.7236
323.6950
323.7716
323.8987
323.7623
323.7824
323.8484
323.9014
323.6569
323.8597
323.9166
323.5984
323.8356
323.8847
323.7207
323.7510
329.5439
329.5719
329.5585
329.5007
329.4129
329.6198
329.5834
329.3335
329.5849
329.5043
329.4273
329.6186
329.3948
329.5504
329.5731
329.4819
329.6378
329.4712
329.4488
329.6183
341.5766
341.5837
341.5921
341.4599
341.5084
341.6457
341.6805
341.3700
341.3944
341.7796
341.4739
341.4090
341.5528
341.4845
341.5356
341.4694
341.6055
341.5226
341.2452
341.6958
324.2062
324.5277
324.5602
324.2557
324.4121
324.4051
324.4915
324.6649
324.2595
324.3722
324.4444
324.5467
324.4218
324.1365
324.6167
324.4467
324.2682
324.4286
324.5312
324.3949
314.5862
314.6887
314.6144
314.6101
314.6914
314.5074
314.6176
314.7997
314.6018
314.5506
314.6754
314.6257
314.7005
314.5846
314.5270
314.7960
314.6982
314.4404
314.5378
314.7442
316.2733
316.2420
316.1513
316.3447
316.3566
316.2510
316.2939
316.2286
316.2981
316.3831
316.2939
316.1941
316.3233
316.3357
316.3313
316.2749
316.2154
316.3359
316.3244
316.2879
350.1473
350.2702
350.0380
350.1891
350.2129
350.2440
350.1228
350.1409
350.4223
350.1186
350.0994
350.2929
350.1006
350.2454
350.1397
350.1545
350.2988
350.1381
350.2204
350.2867
313.1259
313.2339
313.1251
313.1306
313.0337
313.1209
313.1115
313.1804
313.0971
313.2032
313.1316
313.1111
313.1349
313.1595
313.0935
313.0881
313.2115
313.1720
313.1112
313.0531
307.0605
307.3313
307.3491
307.1370
306.9170
307.3404
307.2797
307.1503
307.2162
307.2080
307.1525
307.2796
307.2731
307.0483
307.2344
307.2945
307.0971
307.2238
307.1832
307.2891
336.5816
336.5230
336.7154
336.6142
336.6710
336.5383
336.5967
336.6348
336.5631
336.6248
336.6515
336.5554
336.7459
336.6730
336.4976
336.7169
336.5971
336.5329
336.5898
336.7474
348.6134
348.8021
348.7607
348.6812
348.7759
348.7269
348.6012
348.7499
348.7774
348.7538
348.6251
348.7111
348.9192
348.6367
348.6401
348.8793
348.7293
348.5772
348.8124
348.6484
330.2463
330.0616
330.3266
330.2502
330.1302
330.1043
330.3829
330.1158
330.2023
330.3211
330.0521
330.2861
330.2696
330.2042
330.3555
330.0608
330.2073
330.2817
330.0353
330.1544
338.0580
338.2760
337.9992
338.1052
338.1514
338.1268
338.1846
338.1153
338.0733
338.1720
338.1564
338.1013
338.0908
338.1935
338.1785
338.0632
338.1785
337.9601
338.1893
338.2264
341.3921
341.2193
341.2896
341.5582
341.3775
341.1979
341.3382
341.4810
341.3505
341.3490
341.3529
341.3436
341.3057
341.2723
341.5242
341.3209
341.2448
341.3800
341.3848
341.2774
363.3534
363.1925
363.0497
363.4573
363.3326
363.0422
363.2414
363.3607
363.1201
363.0468
363.2958
363.3410
363.0789
363.1287
363.1988
363.2593
363.1332
363.2765
363.2524
362.9786
336.3764
336.5930
336.2362
336.1898
336.6008
336.4038
336.3246
336.4511
336.3346
336.3911
336.5149
336.3302
336.2534
336.3989
336.5412
336.3446
336.3148
336.3467
336.4123
336.2244
335.5642
335.4631
335.4904
335.6039
335.5302
335.4964
335.5001
335.4543
335.4966
335.5521
335.5503
335.4474
335.6107
335.4451
335.6182
335.4738
335.4246
335.3853
335.6544
335.5146
339.0406
338.8894
339.1112
339.0860
339.0433
338.9251
339.0695
339.1336
339.0712
338.8988
339.1279
339.0045
338.9505
339.2017
339.0031
338.9007
339.0555
339.1168
339.1413
338.7999
358.0394
358.0112
357.8781
357.9843
357.9480
357.9467
357.9257
357.9310
358.0269
357.8782
357.8911
357.8449
358.0814
357.8546
357.9719
357.9836
357.9500
357.7187
358.0708
357.8510
369.0724
369.2958
369.1411
369.1175
369.2523
368.9960
369.3289
369.1856
369.0339
369.2811
369.1361
369.1180
369.1819
369.1413
369.2545
369.2595
369.0751
369.1165
369.3433
369.0297
371.0558
370.9929
370.9686
371.0763
370.7781
371.0968
371.2355
370.7818
370.8964
371.2844
370.8787
371.0060
371.0295
370.9681
371.0960
370.9695
370.8728
371.0021
371.0501
371.0002
357.7700
357.7259
357.5608
357.7548
357.6419
357.5828
357.8421
357.6326
357.6668
357.9274
357.6110
357.6104
357.7484
357.7632
357.4986
357.7914
357.7149
357.5799
357.8838
357.5646
323.4772
323.5185
323.4081
323.6400
323.5062
323.6319
323.5443
323.6113
323.5590
323.4847
323.6275
323.4886
323.6629
323.5692
323.6105
323.5980
323.4848
323.7014
323.5994
323.4562
327.7696
327.7681
327.8699
327.6873
327.8715
327.8017
327.7488
327.8278
327.8612
327.7185
327.7582
327.8797
327.7427
327.8073
327.8789
327.7219
327.6910
327.9069
327.7607
327.8307
325.0198
325.0753
325.0480
325.0709
325.0994
325.0355
324.9656
325.1945
325.0220
325.0204
325.0470
324.9420
325.1567
325.0608
325.0537
324.8697
325.1806
325.1815
324.9313
325.2023
301.6419
301.4947
301.7014
301.6973
301.5990
301.7217
301.5396
301.6130
301.7081
301.5737
301.5449
301.7351
301.7185
301.5446
301.6805
301.7385
301.5710
301.6058
301.6613
301.7900
348.2048
348.4565
348.4646
348.2852
348.4390
348.4351
348.2592
348.4810
348.3488
348.4731
348.4373
348.2031
348.4878
348.4541
348.2068
348.2685
348.6129
348.3108
348.2806
348.4853
314.2135
314.0237
314.1449
314.1915
314.1255
314.1530
314.0323
314.2027
314.2857
314.1397
314.0736
314.1260
314.1692
314.1008
314.1079
314.1965
314.1035
314.1874
314.2291
314.1415
315.4447
315.3547
315.2301
315.3665
315.2899
315.3025
315.4073
315.3855
315.2329
315.3640
315.3799
315.4339
315.2391
315.2849
315.4286
315.4466
315.1843
315.2805
315.4446
315.4700
319.5555
319.4882
319.5657
319.5944
319.4594
319.5205
319.4346
319.6185
319.6238
319.4650
319.5417
319.6793
319.3981
319.4892
319.6097
319.5328
319.5143
319.4891
319.5590
319.5514
321.1643
321.1934
321.1319
321.3030
321.3889
321.0726
321.1777
321.3284
321.2288
321.3458
321.2204
321.2371
321.4125
321.2537
321.2771
321.2553
321.2012
321.2454
321.3299
321.2002
339.3102
339.2970
339.1982
339.3939
339.2810
339.4149
339.2348
339.4551
339.4349
339.3549
339.1520
339.4444
339.4565
339.3475
339.2914
339.3703
339.3500
339.3644
339.3317
339.3685
343.0254
343.1397
343.1248
343.0661
343.0376
343.1745
343.0635
343.0385
343.1167
343.1751
342.9983
342.9513
343.0231
343.1084
343.1167
342.9936
343.2351
343.0066
342.9736
343.1947
362.8245
362.7840
362.8451
362.9329
362.6569
362.6380
362.9784
362.8158
362.5839
362.9803
362.8271
362.6786
363.0276
362.7240
362.6467
362.8962
362.9063
362.7338
362.7004
362.8754
384.8838
384.8530
385.0357
384.8704
384.8222
384.8736
384.9329
384.9637
385.0444
384.7145
384.9193
385.1363
384.7128
384.9309
385.1812
384.9082
384.7445
385.0464
384.8432
385.0287
380.2750
380.5843
380.6109
380.3045
380.4146
380.7191
380.4657
380.4007
380.4463
380.5054
380.4424
380.6103
380.3153
380.3901
380.5634
380.4483
380.5754
380.3545
380.4049
380.5692
358.4769
358.3868
358.6147
358.4715
358.2651
358.6113
358.5142
358.4002
358.6304
358.4521
358.4548
358.6464
358.3895
358.4471
358.4770
358.3690
358.5294
358.4579
358.5213
358.2767
324.8755
324.7206
324.9211
324.8120
324.7497
325.0434
324.8434
324.7036
324.9842
324.8775
324.7617
324.9203
324.8349
324.7510
324.9908
324.7330
324.8235
324.8591
324.7936
324.8722
321.0685
321.2985
321.2074
321.1485
321.1992
321.1209
321.3136
321.1765
321.1213
321.1610
321.2673
321.1234
321.1113
321.1840
321.2623
321.1155
321.1026
321.1326
321.2259
321.1272
329.9920
330.2130
330.1697
330.1095
330.0584
330.0435
330.2011
330.1823
330.1319
329.9467
330.1215
330.2313
330.0688
330.1084
330.1371
330.0511
330.1512
330.2224
330.0270
330.1546
354.0791
354.0224
354.1177
353.8635
354.1564
354.0279
354.0378
354.0065
354.0003
353.9604
353.9949
354.0769
353.9884
354.0004
354.0798
353.9689
353.9679
354.0837
353.9443
354.2176
322.7429
322.5442
322.9766
322.7194
322.6942
322.8732
322.7523
322.6908
322.9005
322.7508
322.7746
322.6658
322.7354
322.6959
322.8390
322.7067
322.6315
322.7595
322.8515
322.6158
318.7501
318.7700
318.8394
318.6826
318.7110
318.9301
318.6410
318.7300
318.6803
318.8955
318.8431
318.4899
318.7340
318.9542
318.7743
318.6510
318.7998
318.7499
318.6816
318.8012
350.6833
350.5112
350.6419
350.5478
350.4658
350.8406
350.6772
350.4191
350.6643
350.6953
350.6095
350.4919
350.5750
350.6575
350.5941
350.5536
350.6624
350.6410
350.6840
350.6145
341.7656
341.8757
341.7854
341.9069
341.7768
341.7785
341.7990
341.8376
341.8563
341.8034
341.6340
341.7934
341.9681
341.7327
341.6301
341.8713
341.8976
341.8334
341.7104
341.9139
342.7201
342.4153
342.5666
342.6444
342.5235
342.5978
342.3836
342.6532
342.8297
342.3450
342.4760
342.7283
342.6259
342.4220
342.5078
342.7218
342.5685
342.5852
342.5644
342.6453
343.5040
343.4676
343.6011
343.7493
343.5883
343.3741
343.8069
343.7502
343.4472
343.6099
343.6362
343.6682
343.6631
343.4601
343.5686
343.8826
343.4159
343.5475
343.6606
343.5956
312.4980
312.3657
312.4761
312.6489
312.3712
312.4619
312.5497
312.5228
312.4609
312.4785
312.4101
312.5408
312.4189
312.4924
312.4262
312.4866
312.4160
312.4096
312.3818
312.4727
299.5149
299.6324
299.6216
299.5147
299.7225
299.5943
299.5376
299.5759
299.7491
299.5711
299.5596
299.5556
299.6713
299.6366
299.5349
299.5488
299.5876
299.7359
299.6094
299.5780
337.3271
337.7196
337.5805
337.2993
337.7165
337.4385
337.4804
337.6592
337.4237
337.3646
337.6518
337.5468
337.5192
337.4527
337.4635
337.5998
337.4670
337.4234
337.5191
337.4445
360.0653
359.8733
360.0599
359.9675
359.9885
360.0154
359.9664
360.1071
359.9444
359.7592
360.2421
360.0914
359.7697
359.9755
360.0819
360.0832
359.9625
359.7256
360.0166
360.0516
359.9183
359.6200
359.7630
360.0404
359.7171
359.7961
359.9711
359.8790
359.8882
359.8456
359.7201
359.9925
359.8399
359.6244
360.0016
359.8619
359.7149
359.9352
359.8223
359.9330
381.3952
381.0763
381.3142
381.1844
381.0633
381.2638
381.1590
381.3128
381.0857
381.1825
381.4550
381.1067
381.0039
381.2600
381.4640
381.0415
381.1462
381.3833
381.0591
381.3465
370.5745
370.6415
370.7201
370.7252
370.6544
370.7055
370.7163
370.5878
370.7284
370.7526
370.6408
370.6215
370.8170
370.6967
370.8239
370.6980
370.6635
370.6054
370.6261
370.6932
348.4933
348.5265
348.3677
348.5362
348.5472
348.4096
348.5040
348.4403
348.4134
348.6316
348.5645
348.2832
348.5092
348.6444
348.3922
348.4523
348.4907
348.5140
348.4334
348.5406
363.7953
364.2097
363.9840
363.9775
364.1727
363.8851
363.9208
364.1998
363.9697
363.8496
364.0960
363.9833
363.9312
364.1304
363.9728
363.7646
364.1668
363.9739
363.8780
364.0871
369.9555
370.1183
369.9292
369.8347
370.0517
370.0529
370.0591
369.8680
369.9405
369.9631
369.9364
369.9765
369.9262
369.9732
369.9417
369.9110
370.0732
369.9266
369.9265
369.9764
361.0030
360.8190
361.1265
360.7754
360.9034
361.1679
360.8990
360.9136
360.9979
360.9326
360.8683
360.9597
360.9669
361.1016
361.0627
360.7787
360.9337
361.0596
360.9354
360.9270
346.6809
346.6325
346.6895
346.6778
346.8148
346.7898
346.5794
346.7172
346.9001
346.7814
346.6457
346.7754
346.9038
346.6826
346.5465
346.8394
346.7256
346.5553
346.8179
346.7289
341.7316
341.6162
341.6398
341.6535
341.7435
341.5468
341.6010
341.7477
341.6890
341.6298
341.6216
341.6104
341.7177
341.6213
341.6861
341.7092
341.7975
341.3503
341.6925
341.7909
348.3134
348.3232
348.5787
348.3690
348.3209
348.5778
348.2971
348.2439
348.6257
348.3226
348.2939
348.4282
348.3802
348.4753
348.4210
348.2187
348.4582
348.5364
348.4132
348.3730
324.9952
324.9850
325.1405
324.9571
324.9203
325.0917
325.0234
324.9413
325.0903
325.0782
324.9337
325.1051
325.0106
324.9850
325.1091
324.9817
324.9578
325.0315
325.0704
325.0718
347.9900
347.8247
348.1683
347.7893
347.9524
348.0185
347.9561
347.8989
347.9699
347.8980
347.9120
347.8648
348.0238
347.8683
347.9292
347.9070
348.0696
348.0054
347.9456
347.8182
296.9763
296.8984
296.9598
297.0720
297.0846
296.8860
296.8371
297.1629
297.0180
296.7943
297.1267
296.8944
296.9377
297.0595
296.9047
296.9746
297.0925
297.0414
296.9773
297.1064
333.7211
333.6587
333.8160
333.5671
333.6150
333.8116
333.6835
333.6616
333.6937
333.7354
333.7941
333.7193
333.6068
333.7268
333.7049
333.7629
333.7053
333.6334
333.7311
333.6384
340.7303
340.6977
340.6596
340.6815
340.6526
340.5287
340.7578
340.6784
340.5592
340.5959
340.8645
340.6448
340.7398
340.6494
340.6954
340.7487
340.6706
340.7165
340.5196
340.8412
335.0504
335.3379
335.2531
335.1013
335.2182
335.1740
335.3378
335.2777
335.0961
335.3219
335.2268
335.2068
335.3830
335.2847
335.1486
335.1501
335.3295
335.2678
335.3445
335.0890
323.0224
323.0494
322.9398
323.0079
323.0489
322.8729
322.9945
323.0631
322.9973
322.9234
323.0911
323.0382
323.0069
323.0144
323.0145
323.0503
322.9822
323.0472
323.0059
323.0336
355.7462
355.7921
355.4264
355.3706
355.7273
355.7621
355.5210
355.6018
355.7819
355.5455
355.6370
355.6897
355.3393
355.5630
355.6359
355.5814
355.6538
355.5169
355.5924
355.6972
322.0670
321.9448
322.0345
322.0998
322.1133
322.0340
321.9204
321.9940
322.2119
322.0979
321.9193
322.2190
322.0354
321.9468
322.1995
322.0511
322.0341
321.9481
322.1886
322.0038
360.7601
360.7275
360.6006
360.6968
360.7095
360.5540
360.7897
360.5843
360.7443
360.7610
360.5851
360.7632
360.6677
360.5634
360.7881
360.6832
360.5485
360.7853
360.7407
360.6711
334.5847
334.6648
334.7449
334.5493
334.6190
334.6557
334.6167
334.6779
334.5829
334.5343
334.7816
334.6156
334.4732
334.6509
334.7633
334.5508
334.5798
334.4705
334.8229
334.5645
324.7151
324.6475
324.6177
324.5620
324.5665
324.7229
324.7493
324.5367
324.6478
324.7399
324.7979
324.3764
324.7229
324.9038
324.5925
324.5575
324.7187
324.6720
324.6277
324.7511
346.6520
346.5189
346.4644
346.6762
346.3262
346.6081
346.6511
346.3876
346.5320
346.6568
346.6382
346.3239
346.5011
346.7621
346.4397
346.4787
346.5688
346.5752
346.5641
346.6127
344.3691
344.3371
344.3411
344.5189
344.2367
344.3041
344.4302
344.3082
344.3388
344.4213
344.1656
344.4877
344.3817
344.2531
344.4608
344.3230
344.3829
344.3503
344.5931
344.2640
331.4878
331.5557
331.5959
331.4344
331.4174
331.7068
331.5629
331.4584
331.5490
331.4554
331.5238
331.6300
331.5443
331.4961
331.4790
331.6261
331.5607
331.3682
331.4338
331.5171
308.9970
309.0127
309.0070
309.1524
309.0579
308.8851
309.1611
309.0052
309.0022
309.0254
309.1054
309.0365
309.0329
309.0945
309.0248
309.1171
308.8813
309.0284
309.1471
309.0249
331.0090
330.8232
330.8609
330.8770
330.7765
330.8122
330.8814
330.9020
330.8583
330.8853
330.9020
330.8389
330.7801
331.0209
330.9365
330.8377
331.0172
330.7857
330.8000
330.8867
316.5552
316.6677
316.7564
316.5465
316.4790
316.8248
316.6238
316.5694
316.6232
316.5831
316.7588
316.6746
316.5210
316.6273
316.7753
316.6331
316.4826
316.7095
316.6637
316.6512
341.2449
341.1634
341.0022
341.3629
341.1534
341.1012
341.1157
341.2240
341.1553
341.1116
341.2141
341.1234
341.2616
341.0038
341.1670
341.2488
341.2061
341.1094
341.1897
341.2734
356.3312
356.1606
356.3089
356.2888
356.2445
356.2066
356.2136
356.2758
356.2175
356.3149
356.1238
356.1950
356.3526
356.2496
356.1987
356.2527
356.2380
356.2954
356.2539
356.3480
358.6433
358.6610
358.6605
358.5387
358.6385
358.9019
358.6278
358.4497
358.8236
358.7711
358.5829
358.5895
358.6052
358.8511
358.6896
358.4313
358.7390
358.9785
358.4189
358.5853
338.7281
338.8229
338.7226
338.8695
338.6095
338.6901
338.9489
338.8274
338.6908
338.6458
338.7071
338.8078
338.7723
338.6875
339.0031
338.7868
338.6832
338.7091
338.7698
338.9055
339.1791
339.3518
339.5212
339.3352
339.1692
339.2666
339.6037
339.3476
338.9673
339.4263
339.6720
339.1572
339.1547
339.5230
339.3899
339.2890
339.3074
339.3751
339.4511
339.2254
326.6364
326.6682
326.4839
326.4868
326.5769
326.6620
326.3723
326.6087
326.6238
326.5202
326.4680
326.6176
326.7435
326.3991
326.5350
326.6262
326.5211
326.4819
326.5164
326.5381
365.4442
365.5431
365.2368
365.4593
365.4692
365.3535
365.5490
365.5133
365.2846
365.2629
365.5852
365.3739
365.4450
365.2772
365.2208
365.6390
365.4970
365.3601
365.1722
365.7595
363.1401
363.1549
363.2405
363.4500
362.9451
363.1885
363.3696
363.1922
363.2135
363.2196
363.3941
363.1521
363.0859
363.3476
363.4079
363.0578
363.1488
363.2390
363.3315
362.9891
330.8567
330.7139
330.8884
330.7769
330.7864
330.9340
330.7658
330.9103
330.9198
330.7119
330.9104
330.9159
330.8139
330.8148
330.8766
330.9136
330.7261
330.8584
330.8382
330.7892
314.6718
314.5497
314.5203
314.6088
314.4528
314.5749
314.5852
314.6490
314.4648
314.4719
314.6261
314.5735
314.5131
314.5480
314.6585
314.3894
314.6111
314.6575
314.4155
314.6052
363.9949
363.9163
363.6340
363.7412
363.8348
363.6640
363.8222
363.8485
363.7358
363.8496
363.6906
363.7641
363.7313
363.7727
363.8095
363.7405
363.7237
363.8022
363.7204
363.7469
371.3587
371.2978
371.4151
371.4793
371.5313
371.2210
371.2411
371.5440
371.2781
371.3033
371.4742
371.3765
371.2238
371.5447
371.2969
371.3383
371.4400
371.3361
371.5485
371.4208
336.4314
336.3894
336.3853
336.5135
336.4050
336.4409
336.4849
336.5187
336.3928
336.3470
336.6006
336.4369
336.3223
336.5326
336.4828
336.3126
336.3951
336.5450
336.4816
336.4469
352.5183
352.3833
352.3946
352.5176
352.5903
352.1754
352.4333
352.6301
352.2842
352.4106
352.4647
352.2364
352.6976
352.5412
352.2728
352.4060
352.3581
352.6301
352.3612
352.3340
328.9415
328.9980
328.9764
328.8657
328.8705
329.1116
329.0066
328.8786
329.0365
328.8824
328.9327
329.0006
328.8743
329.0453
329.0319
328.9459
328.8385
328.9877
328.9666
329.0006
354.8892
355.0369
354.9247
355.1058
354.7039
354.9472
355.1266
354.7915
354.9913
355.0572
354.9319
354.9520
354.9377
354.9726
354.9773
354.8513
355.0578
354.9914
354.9138
354.9727
382.8875
383.0871
382.9367
382.9613
383.3741
382.9278
382.9149
383.0621
382.9560
383.1381
382.9474
382.9995
383.0187
383.0217
383.1525
383.0267
382.9716
383.0230
383.1506
382.9360
333.7141
333.5866
333.5952
333.7052
333.7693
333.5367
333.5201
333.6448
333.6770
333.5288
333.6190
333.6121
333.7076
333.4320
333.7217
333.7373
333.3692
333.5099
333.7604
333.5699
328.3894
328.1471
328.3310
328.4006
328.3478
328.2651
328.2421
328.3595
328.3335
328.3247
328.3992
328.1757
328.3273
328.3605
328.2871
328.4230
328.2681
328.4033
328.5188
328.1368
327.8408
327.8042
327.8203
327.8242
327.8225
327.8229
327.7572
327.8244
327.8256
327.8511
327.7982
327.8399
327.7677
327.8873
327.9004
327.6313
327.8188
327.8313
327.9199
327.8487
355.7757
355.9871
355.8971
356.0369
355.7805
355.7656
356.0855
355.9338
355.6815
355.9265
355.9081
355.9624
355.7969
355.9853
355.9687
355.7533
355.9326
355.9993
355.8810
355.8314
341.9931
341.9309
341.9767
341.8547
341.9580
342.0406
341.8819
341.9007
342.0493
342.0271
341.8177
341.9886
342.1195
341.8323
342.0097
341.9184
341.9005
342.0526
342.0019
341.9361
346.1722
346.1027
346.0447
346.2461
346.1247
346.1631
346.1213
346.1537
346.1643
346.0355
346.0164
346.2026
346.2648
346.0697
345.9612
346.1962
346.0882
346.2607
345.9569
346.2990
337.4436
337.2016
337.1977
337.4607
337.2571
337.1789
337.3395
337.3854
337.2508
337.2427
337.2325
337.2857
337.3686
337.1871
337.4041
337.2799
337.1608
337.3545
337.2676
337.1909
344.5665
344.3834
344.4498
344.5552
344.5431
344.4302
344.3233
344.6705
344.4348
344.4945
344.4445
344.4044
344.7018
344.4787
344.3161
344.6250
344.5394
344.4861
344.4086
344.5750
345.9219
346.0233
346.0937
345.9433
345.9583
346.0185
345.8236
346.1342
346.1163
345.7982
346.0534
346.0474
345.9883
345.9595
346.0190
346.0146
346.0309
345.9390
345.9162
346.0897
360.9359
360.7747
360.9807
360.9078
360.8187
361.0003
360.7934
360.8015
361.0692
360.8236
360.8170
360.9111
360.9243
360.8423
360.8347
360.8927
360.8780
360.8332
360.7400
360.9939
358.2596
358.3501
358.1030
358.3770
358.2888
358.2234
358.3006
358.3228
358.2399
358.2539
358.3324
358.3423
358.0723
358.1952
358.3381
358.3032
358.1513
358.2856
358.3294
358.1923
326.1847
326.1784
326.1971
326.2441
326.1915
326.2373
326.2552
326.1755
326.2362
326.1018
326.2806
326.2499
326.1074
326.2371
326.2750
326.1726
326.2360
326.3156
326.1003
326.3093
355.4527
355.4275
355.3967
355.5526
355.3359
355.3630
355.5282
355.4253
355.3780
355.3043
355.5489
355.3060
355.4557
355.4388
355.3859
355.3981
355.4402
355.3677
355.3431
355.5989
363.1782
363.0283
363.2879
363.1377
363.1252
363.1609
363.3166
363.2141
363.2996
363.2388
363.1685
363.1790
363.2604
363.1369
363.2204
363.1780
363.1083
363.2597
363.2602
363.2235
355.7637
355.8664
355.9328
355.6885
355.9987
355.8702
355.6567
356.0292
355.7907
355.7046
356.0096
355.8044
355.9167
355.7606
355.8055
355.9243
355.9087
355.8897
355.7731
355.9928
372.7258
372.7936
372.7742
372.7865
372.8574
372.8667
372.6071
372.8211
372.8612
372.6115
372.9640
372.6797
372.5875
372.9630
372.7241
372.6437
372.8883
372.6842
372.8902
372.7389
348.7677
349.1071
349.1828
348.8494
349.0422
348.9651
348.8819
349.1003
348.9784
348.8755
349.1179
349.0332
348.8885
349.0594
348.7311
349.1837
349.0804
348.7944
348.9993
349.0319
340.8191
340.8730
340.9023
340.7773
340.8541
340.9603
340.7941
340.8903
340.7143
340.8633
340.8129
340.7388
340.8722
340.9955
340.8900
340.8131
340.8600
340.9041
340.8883
340.9125
357.4801
357.5700
357.1641
357.5136
357.2551
357.4528
357.4608
357.1197
357.5437
357.4224
357.2741
357.3384
357.6142
357.2775
357.3865
357.3850
357.1910
357.5252
357.2590
357.2420
317.8228
317.9993
317.9283
317.8975
317.9228
317.9523
317.9897
317.9423
317.7467
317.9514
318.0132
317.7440
318.0037
318.0272
317.7568
317.9115
317.9642
317.9442
317.8437
318.0482
356.2520
356.2060
356.3254
356.3694
356.1846
356.2439
356.2456
356.1503
356.2357
356.3259
356.2287
356.1815
356.1981
356.3061
356.3350
356.0504
356.2344
356.3550
356.2083
356.2163
341.5943
341.6976
341.6402
341.4214
341.8448
341.6215
341.3962
341.7105
341.9386
341.4497
341.5430
341.7989
341.4827
341.7145
341.6006
341.5731
341.7232
341.7051
341.6276
341.6496
333.5427
333.6676
333.4512
333.4843
333.4301
333.5289
333.6270
333.3049
333.5109
333.6432
333.3629
333.5334
333.6014
333.5526
333.4973
333.6546
333.4132
333.5977
333.5072
333.5925
370.2194
370.5082
370.2945
370.2948
370.3186
370.3893
370.2836
370.2805
370.2599
370.3804
370.4645
370.2631
370.3331
370.3465
370.3519
370.4780
370.3773
370.0346
370.5563
370.3745
387.9187
387.7969
387.9400
387.8544
387.7699
387.8467
387.9740
387.6856
387.8156
387.8442
387.8832
387.8744
387.6966
387.8932
387.7833
387.7688
388.0165
387.7267
387.7153
388.0081
361.6952
361.5997
361.6181
361.8026
361.7772
361.7290
361.6844
361.6849
361.7084
361.6083
361.7819
361.7185
361.6170
361.7802
361.5115
361.8852
361.6026
361.7278
361.6434
361.6207
327.0926
326.6800
326.7088
327.0040
326.8250
326.8451
326.8062
327.0096
326.9514
326.6477
326.8022
326.9143
326.7683
326.8087
326.9560
326.8708
326.8911
326.8787
326.8187
326.7234
331.9370
332.0424
332.1311
331.9254
331.9451
332.1262
331.9994
332.1262
332.0127
332.1412
332.0800
332.0841
332.0888
332.0249
332.1388
332.0485
331.9819
332.0242
332.0727
332.0344
352.4230
352.2725
352.4059
352.3803
352.2412
352.4007
352.3456
352.3201
352.3854
352.3001
352.3197
352.2555
352.3223
352.2442
352.2694
352.3652
352.2573
352.2912
352.3040
352.3809
341.2107
340.8344
340.7586
340.9266
340.8388
341.0634
340.8875
340.8216
341.0544
340.8050
340.9844
341.0429
340.9296
340.9232
341.0001
340.8572
341.1028
340.9339
340.7849
341.0254
396.2788
396.7190
396.6946
396.4732
396.4868
396.5782
396.5611
396.6146
396.4934
396.5316
396.4947
396.7167
396.3342
396.5467
396.6474
396.5867
396.5194
396.4827
396.5896
396.5658
342.8409
21.7814
